0.0000000 916.87374
0.0000000 944.34079
0.0000000 898.71684
0.0000000 898.95701
0.0000000 993.29569
0.0000000 931.79918
0.0000000 878.87870
0.0000000 931.37212
0.0000000 894.52947
0.0000000 893.43514
0.0000000 873.39660
0.0000000 932.32045
0.0000000 881.10575
0.0000000 898.17283
0.0000000 960.75937
0.0000000 949.98799
0.0000000 884.41290
0.0000000 905.57133
0.0000000 866.66126
0.0000000 922.33472
0.0000000 944.83325
0.0000000 920.53543
0.0000000 894.17676
0.0000000 911.54271
0.0000000 932.71912
0.0000000 959.89637
0.0000000 870.74269
0.0000000 915.86431
0.0000000 926.26210
0.0000000 918.52569
0.0000000 930.96384
0.0000000 959.46694
0.0000000 890.45699
0.0000000 865.99791
0.0000000 933.61312
0.0000000 931.23778
0.0000000 954.04603
0.0000000 885.45486
0.0000000 900.85197
0.0000000 880.49459
0.0000000 893.50493
0.0000000 905.07405
0.0000000 915.92788
0.0000000 911.74923
0.0000000 904.78716
0.0000000 875.07682
0.0000000 886.17719
0.0000000 896.87338
0.0000000 947.48901
0.0000000 893.51171
0.0000000 910.39041
0.0000000 909.35150
0.0000000 957.57307
0.0000000 907.53900
0.0000000 904.66857
0.0000000 937.52833
0.0000000 917.55218
0.0000000 897.69196
0.0000000 952.75451
0.0000000 895.63994
0.0000000 879.92620
0.0000000 937.82664
0.0000000 916.93110
0.0000000 908.56503
0.0000000 916.50341
0.0000000 886.87676
0.0000000 948.96422
0.0000000 939.15026
0.0000000 889.96918
0.0000000 961.50345
0.0000000 922.76440
0.0000000 897.89783
0.0000000 935.83773
0.0000000 926.13781
0.0000000 994.85005
0.0000000 867.65626
0.0000000 947.16033
0.0000000 917.55641
0.0000000 884.81074
0.0000000 863.61457
0.0000000 911.06835
0.0000000 891.30745
0.0000000 879.92492
0.0000000 896.12794
0.0000000 921.08810
0.0000000 885.77651
0.0000000 890.31694
0.0000000 897.54374
0.0000000 866.23746
0.0000000 873.40628
0.0000000 894.40115
0.0000000 904.82113
0.0000000 957.82242
0.0000000 903.93382
0.0000000 918.76464
0.0000000 884.92903
0.0000000 881.41805
0.0000000 920.46643
0.0000000 897.56123
0.0000000 940.69566
0.0000000 904.52999
0.0000000 899.49252
0.0000000 870.08868
0.0000000 908.30914
0.0000000 905.26264
0.0000000 941.23375
0.0000000 930.56538
0.0000000 922.32489
0.0000000 952.23018
0.0000000 892.90453
0.0000000 910.78310
0.0000000 932.24177
0.0000000 870.70374
0.0000000 898.30413
0.0000000 911.15088
0.0000000 863.52906
0.0000000 910.26227
0.0000000 958.18978
0.0000000 962.01660
0.0000000 911.25009
0.0000000 969.81505
0.0000000 883.83653
0.0000000 934.61632
0.0000000 940.40817
0.0000000 883.30175
0.0000000 944.76981
0.0000000 939.18784
0.0000000 927.34606
0.0000000 918.97917
0.0000000 879.86682
0.0000000 922.52879
0.0000000 871.28237
0.0000000 891.94216
0.0000000 898.19162
0.0000000 901.05242
0.0000000 962.61064
0.0000000 881.39089
0.0000000 871.33960
0.0000000 953.22168
0.0000000 909.01883
0.0000000 944.70718
0.0000000 882.59550
0.0000000 921.51177
0.0000000 941.37205
0.0000000 908.70779
0.0000000 921.85143
0.0000000 869.26998
0.0000000 901.75965
0.0000000 945.99720
0.0000000 889.23024
0.0000000 915.62560
0.0000000 894.55664
0.0000000 918.11622
0.0000000 933.62696
0.0000000 925.26985
0.0000000 903.72884
0.0000000 899.15404
0.0000000 953.12254
0.0000000 947.29026
0.0000000 946.80357
0.0000000 946.21399
0.0000000 943.32116
0.0000000 925.91273
0.0000000 872.22169
0.0000000 925.80101
0.0000000 872.21198
0.0000000 899.89567
0.0000000 969.27134
0.0000000 961.24556
0.0000000 885.63923
0.0000000 939.59882
0.0000000 891.14462
0.0000000 889.37901
0.0000000 896.08830
0.0000000 889.18762
0.0000000 951.23646
0.0000000 857.50253
0.0000000 904.67329
0.0000000 938.38549
0.0000000 933.02008
0.0000000 989.00602
0.0000000 906.66611
0.0000000 900.85835
0.0000000 907.26911
0.0000000 885.22031
0.0000000 873.26457
0.0000000 922.94494
0.0000000 910.36075
0.0000000 951.15156
0.0000000 880.41485
0.0000000 985.65259
0.0000000 840.77593
0.0000000 880.22575
0.0000000 924.69366
0.0000000 906.89994
0.0000000 969.36595
0.0000000 907.18800
0.0000000 895.44897
0.0000000 975.14713
0.0000000 958.85707
0.0000000 887.69696
0.0000000 921.75379
0.0000000 947.03300
0.0000000 917.38423
0.0000000 893.40947
0.0000000 902.02653
0.0000000 943.54569
0.0000000 902.14417
0.0000000 873.31742
0.0000000 936.68573
0.0000000 921.01171
0.0000000 943.16123
0.0000000 877.15986
0.0000000 863.75225
0.0000000 906.32958
0.0000000 894.13288
0.0000000 944.97254
0.0000000 979.73081
0.0000000 933.94321
0.0000000 870.41257
0.0000000 902.52557
0.0000000 917.06628
0.0000000 860.23167
0.0000000 901.44252
0.0000000 933.21820
0.0000000 870.66684
0.0000000 934.21132
0.0000000 1002.9001
0.0000000 909.25100
0.0000000 918.55826
0.0000000 916.00899
0.0000000 910.09652
0.0000000 942.18909
0.0000000 908.98051
0.0000000 909.51753
0.0000000 904.75999
0.0000000 925.26044
0.0000000 890.22726
0.0000000 927.41420
0.0000000 920.82796
0.0000000 931.98915
0.0000000 905.35274
0.0000000 959.21981
0.0000000 905.25772
0.0000000 881.74785
0.0000000 928.10639
0.0000000 945.45862
0.0000000 882.09268
0.0000000 939.50409
0.0000000 901.35039
0.0000000 906.95238
0.0000000 950.05123
0.0000000 872.87756
0.0000000 921.14711
0.0000000 891.74571
0.0000000 871.67186
0.0000000 875.65963
0.0000000 912.49366
0.0000000 969.59823
0.0000000 906.94988
0.0000000 947.26567
0.0000000 910.76335
0.0000000 891.84199
0.0000000 954.67411
0.0000000 929.40356
0.0000000 930.96318
0.0000000 980.63508
0.0000000 819.34628
0.0000000 947.20652
0.0000000 865.50723
0.0000000 924.88619
0.0000000 871.79926
0.0000000 913.46677
0.0000000 878.31545
0.0000000 863.47918
0.0000000 907.63016
0.0000000 905.76787
0.0000000 905.05851
0.0000000 893.33406
0.0000000 884.54907
0.0000000 957.37717
0.0000000 878.77101
0.0000000 887.14815
0.0000000 935.29002
0.0000000 888.79730
0.0000000 879.71967
0.0000000 878.95264
0.0000000 930.43897
0.0000000 911.30739
0.0000000 912.33898
0.0000000 916.95629
0.0000000 968.03593
0.0000000 915.44378
0.0000000 887.56628
0.0000000 936.41262
0.0000000 951.48762
0.0000000 906.06030
0.0000000 911.82957
0.0000000 873.30038
0.0000000 992.52494
0.0000000 944.05397
0.0000000 910.76995
0.0000000 888.41983
0.0000000 946.46575
0.0000000 870.16418
0.0000000 870.63411
0.0000000 900.20650
0.0000000 891.84081
0.0000000 901.84916
0.0000000 883.36047
0.0000000 929.91599
0.0000000 936.84277
0.0000000 877.72568
0.0000000 910.42967
0.0000000 895.19939
0.0000000 927.83160
0.0000000 995.23519
0.0000000 992.86214
0.0000000 885.95791
0.0000000 920.15658
0.0000000 911.93949
0.0000000 935.45289
0.0000000 924.76983
0.0000000 890.31256
0.0000000 936.52288
0.0000000 896.34639
0.0000000 927.83184
0.0000000 910.66746
0.0000000 935.41919
0.0000000 949.42848
0.0000000 928.31506
0.0000000 894.10280
0.0000000 933.85246
0.0000000 901.73779
0.0000000 946.13273
0.0000000 923.22778
0.0000000 976.62011
0.0000000 929.01252
0.0000000 902.54000
0.0000000 932.47647
0.0000000 923.67879
0.0000000 882.90239
0.0000000 936.34179
0.0000000 996.86468
0.0000000 913.56361
0.0000000 920.78691
0.0000000 905.00557
0.0000000 888.72234
0.0000000 868.12007
0.0000000 937.15107
0.0000000 919.00456
0.0000000 912.12745
0.0000000 866.63906
0.0000000 932.41750
0.0000000 903.36715
0.0000000 916.31793
0.0000000 896.17987
0.0000000 927.65009
0.0000000 892.52884
0.0000000 886.94066
0.0000000 904.33562
0.0000000 973.58296
0.0000000 871.10710
0.0000000 918.12620
0.0000000 884.55878
0.0000000 970.51057
0.0000000 860.79513
0.0000000 945.12377
0.0000000 940.78893
0.0000000 962.10174
0.0000000 865.00582
0.0000000 899.03597
0.0000000 884.24094
0.0000000 906.59514
0.0000000 888.08229
0.0000000 922.23375
0.0000000 923.10986
0.0000000 869.01936
0.0000000 834.49766
0.0000000 891.79247
0.0000000 965.20481
0.0000000 911.79756
0.0000000 903.36377
0.0000000 905.87378
0.0000000 869.91140
0.0000000 907.35947
0.0000000 902.17596
0.0000000 943.32422
0.0000000 876.88668
0.0000000 909.57546
0.0000000 900.15942
0.0000000 898.90797
0.0000000 859.46814
0.0000000 930.19725
0.0000000 916.86176
0.0000000 955.60475
0.0000000 898.10861
0.0000000 838.34351
0.0000000 912.26290
0.0000000 936.74433
0.0000000 876.18277
0.0000000 1005.3944
0.0000000 885.87331
0.0000000 862.42145
0.0000000 910.29935
0.0000000 929.58800
0.0000000 910.45851
0.0000000 870.39347
0.0000000 922.46188
0.0000000 889.12823
0.0000000 935.35271
0.0000000 955.67719
0.0000000 935.06853
0.0000000 897.84763
0.0000000 959.15185
0.0000000 915.72543
0.0000000 851.11063
0.0000000 926.95579
0.0000000 888.90211
0.0000000 879.31851
0.0000000 921.25988
0.0000000 912.49158
0.0000000 957.56218
0.0000000 922.41183
0.0000000 910.77074
0.0000000 851.61897
0.0000000 912.36915
0.0000000 925.04843
0.0000000 890.94613
0.0000000 917.79775
0.0000000 922.62532
0.0000000 898.08038
0.0000000 900.13189
0.0000000 934.77719
0.0000000 887.37852
0.0000000 885.70121
0.0000000 908.77687
0.0000000 970.34620
0.0000000 939.15371
0.0000000 877.32421
0.0000000 913.02926
0.0000000 933.87286
0.0000000 925.08092
0.0000000 852.64712
0.0000000 945.97482
0.0000000 869.86416
0.0000000 937.53076
0.0000000 915.14126
0.0000000 922.25765
0.0000000 924.18997
0.0000000 949.91790
0.0000000 926.04057
0.0000000 913.48114
0.0000000 902.96948
0.0000000 949.33025
0.0000000 907.37679
0.0000000 882.44195
0.0000000 906.40096
0.0000000 952.48125
0.0000000 915.64636
0.0000000 901.01193
0.0000000 922.31938
0.0000000 936.87260
0.0000000 891.08143
0.0000000 866.47506
0.0000000 898.75164
0.0000000 906.76913
0.0000000 942.50570
0.0000000 926.01767
0.0000000 882.65066
0.0000000 985.18789
0.0000000 883.12622
0.0000000 929.36376
0.0000000 893.06802
0.0000000 946.96749
0.0000000 910.55523
0.0000000 934.25570
0.0000000 943.74523
0.0000000 875.97201
0.0000000 908.84728
0.0000000 932.27380
0.0000000 940.23361
0.0000000 904.72619
0.0000000 930.28533
0.0000000 908.06179
0.0000000 889.12252
0.0000000 942.23498
0.0000000 920.80772
0.0000000 877.76830
0.0000000 995.90789
0.0000000 917.90372
0.0000000 885.63736
0.0000000 909.56060
0.0000000 908.22584
0.0000000 859.55131
0.0000000 926.17593
0.0000000 931.68377
0.0000000 935.45828
0.0000000 881.22705
0.0000000 948.76196
0.0000000 904.65472
