-77.425365 820.31486
-54.876168 713.40846
-64.783251 779.03559
-65.725231 803.29295
-75.196459 820.65290
-72.474566 823.44395
-64.420278 777.56205
-52.006905 707.22035
-1.4217063 793.23433
-74.692351 835.03854
-77.141967 803.66687
-63.792022 782.21878
-63.161724 783.00459
-63.467104 801.16463
-74.308828 838.44010
-66.351452 781.93822
-72.268825 808.78711
-63.099447 769.16846
-69.760973 812.75867
-75.440243 801.85525
-63.097878 781.86553
-65.446282 789.26166
-71.561306 843.55713
-75.599038 841.40062
-63.567406 787.25803
-72.935082 834.94895
-67.600893 804.19369
-61.569912 766.63141
-66.066094 807.84314
-68.839318 774.11002
-65.766952 793.47020
-63.255355 783.58921
-60.774080 769.80267
-67.148336 790.63605
-73.467266 852.38704
-66.583178 795.68049
-65.562658 793.08565
-78.527807 824.71438
-61.321874 742.21865
-69.743273 792.87794
-64.117037 770.53527
-66.925988 811.51309
-61.588802 775.79629
-73.954146 828.27116
-69.679027 806.18449
-74.523174 796.39949
-77.323354 779.26615
-64.190407 801.18682
-65.677761 814.84350
-68.967364 822.08054
-71.203841 770.74913
-69.353298 800.91308
-59.220943 755.35715
-67.628676 771.26454
-66.904339 788.86073
217.92566 805.23178
-76.831435 847.04298
-76.590609 796.51226
-68.016897 791.95115
-64.486394 777.72887
-70.226031 810.43125
-72.513152 776.43234
-69.600719 806.50023
-59.945073 741.96831
-71.081881 767.78942
-59.989855 754.89454
-66.372573 788.01698
-77.177331 817.18021
-64.820263 785.81035
-67.878017 807.31256
-60.047826 768.38405
-63.778179 761.36031
-73.040551 796.35520
-55.230080 723.70647
-64.996300 788.09049
-76.736165 824.49830
-71.095742 830.08653
-63.778704 770.33451
-62.005013 784.63106
-57.889928 747.83236
-63.935457 785.01287
-65.825881 774.50666
-64.134157 783.53701
-60.697106 750.07401
-61.817144 767.01104
-59.209533 751.15240
-73.478414 767.04328
-57.154482 752.35055
-72.804217 819.91715
-64.240325 750.79257
-61.772863 774.06783
-73.208129 784.24914
-71.777981 782.00354
-70.050750 816.27951
-62.624352 782.33743
-65.064690 774.91547
-63.814931 784.85782
-67.303387 801.54323
-66.301324 804.71802
-64.653588 770.72458
-66.487600 808.30442
-68.697323 787.39261
-59.655120 754.98544
-63.526671 781.79962
-60.818703 759.39104
-61.722729 769.26579
-72.090804 804.90245
-65.749288 794.86054
-73.419701 811.87009
-75.268578 832.63205
-66.803872 792.28539
-71.094253 817.37904
-62.850167 761.19423
-66.759881 795.42902
-64.822585 776.09346
-73.284215 784.11703
-75.152858 846.13647
-66.180596 844.27063
-66.844301 807.96688
-60.773061 768.28275
-79.212917 831.13452
-73.119002 796.25047
-60.091976 750.48111
-77.919497 812.13973
-57.236779 751.16300
-72.102697 815.90767
-74.373110 840.69515
-69.128209 768.65047
-75.028918 853.57179
-74.806127 817.40261
-68.534340 819.04369
-75.272146 804.80771
-70.203911 806.24854
-58.646429 770.27587
-71.005291 828.89137
-67.384148 812.18756
-73.406646 829.06778
-63.961428 786.25808
-75.562588 797.50567
-62.377895 784.79486
-62.563759 777.12267
-75.658404 818.62632
-67.156991 784.20174
-70.028499 801.39273
-70.455974 781.06129
-79.860784 827.14428
-59.614644 761.86506
-74.250918 808.79147
-76.667550 842.26821
-54.322915 713.40917
-67.001406 822.89571
-73.401311 839.53808
-67.641448 823.82675
-70.445833 762.79107
-76.336489 826.37997
-69.457082 790.77439
-63.215911 773.25131
-64.189876 807.43350
-58.557326 756.68586
-66.328658 805.52726
-62.518435 758.04336
-70.847185 818.19254
74.022740 783.10907
-65.919384 792.48686
-64.849303 806.19744
-66.910564 795.07838
-68.761806 827.96173
-69.982375 808.33747
-58.010909 756.64653
-74.082610 812.73959
-66.159368 800.91747
-66.150405 800.83949
-67.560970 831.81338
-73.091857 766.56842
-71.255111 790.20982
-62.465627 767.32004
-66.296456 791.72890
-71.365987 828.27826
-71.558303 775.51252
-68.959231 830.06228
-60.429287 753.21271
-71.368691 796.85045
-62.637105 755.35700
-62.298131 772.34456
-68.359386 821.82237
-75.876693 798.48863
-67.937469 781.69088
819.29279 800.42593
-69.901290 801.38969
-61.825268 771.21892
-70.824538 820.26997
-56.572539 743.06204
-76.682009 815.58999
2050.1940 774.82051
-65.552996 775.96549
-78.956014 827.17713
145.40438 824.25484
-56.352605 732.52599
-62.558889 785.16428
-66.094011 797.95963
-73.317809 807.91937
-70.597936 802.34700
-68.356484 796.66441
-60.649431 735.64982
-63.755700 797.88285
-75.022274 782.19021
-70.984865 840.80569
-69.154507 759.14764
-76.924407 795.48202
-59.178454 746.04066
-59.455105 760.25683
-63.130825 780.10370
-64.055800 790.76173
-71.350335 807.88812
-69.306756 827.82575
-71.429217 791.72526
-68.600139 823.43837
-64.714559 785.47938
-68.004165 827.86024
-71.482632 790.77338
-62.720623 781.13356
-65.391030 802.74584
-65.195397 782.06790
-78.587679 828.40386
-63.996526 788.77147
-66.239892 813.93881
-69.157445 813.65432
-68.267241 806.09390
-69.513155 795.89282
-65.862978 803.96944
-63.879146 776.11740
-72.735790 785.27934
-56.064443 722.54654
-71.536385 860.92342
-62.575850 777.20878
-56.898250 825.77029
-70.328802 801.94896
-69.935244 770.33663
-72.206820 835.08135
-70.141839 778.34394
-67.155599 786.19678
1619.5846 796.31810
-61.643548 772.31537
-64.102636 793.52041
-67.588714 773.10189
-71.750738 857.20122
-60.654873 747.79742
-68.106704 793.97596
-70.272454 817.20453
-59.515783 753.83614
-68.861095 820.39195
-69.930605 818.85275
-71.514605 786.10337
150.56551 790.22780
-74.572018 814.42136
-72.572216 822.28618
-74.458639 845.93537
-67.814922 778.01717
-64.399486 784.63322
-67.832674 765.49065
-65.720601 814.53669
-65.443050 764.40274
-60.870104 765.14832
-68.874993 788.41010
-63.314980 762.22106
-67.539251 795.19896
-82.404693 857.86831
-74.796416 823.24929
-79.151137 837.31630
-52.512347 818.34159
-62.174334 815.95133
-65.808520 811.44880
-63.729998 764.70475
-68.267397 822.57259
-62.148153 776.50891
-65.957180 806.10242
-73.195916 795.93854
-68.600588 818.36648
-58.969958 763.50477
-78.154281 834.51939
-68.144994 763.91970
-65.509310 763.40948
-62.083370 783.88754
-74.669878 820.56968
-75.324639 862.23670
-64.270046 784.53491
-78.626040 819.43661
-62.310442 760.29545
-68.547912 801.25469
-68.513973 791.24979
-62.520180 770.67650
-72.033986 805.41526
-63.453051 775.42707
-64.201568 759.25991
-72.840514 849.75360
-67.148128 776.96573
-66.394359 791.68327
-64.231646 792.86973
-65.873598 782.29086
-65.400072 790.15852
-69.936700 816.66565
-71.128402 819.37486
-72.420727 829.92107
-73.047094 814.37624
-69.351748 805.13888
-67.309911 791.22085
-71.656627 793.65574
-58.855886 765.17685
-78.038219 814.38499
-72.832403 820.80047
-76.034685 849.61784
-65.016533 781.60681
-65.737197 785.43190
-62.911611 773.77506
-65.652187 782.41046
-69.547909 794.98270
-79.382473 835.11951
-61.339757 748.94332
-63.075069 765.23837
-67.310979 802.01220
-62.130431 761.46514
-67.499337 802.27040
-67.614431 771.74033
-64.848794 808.64012
-65.538650 786.75898
-64.561529 764.93267
-71.235314 839.83023
-62.261806 768.37237
-62.834908 780.53322
-72.910796 779.76480
-70.338033 822.57502
-61.728737 761.38506
-60.133929 744.71391
-65.376784 773.64131
-67.877920 813.24210
-76.386904 816.64694
-69.222594 798.09222
-71.346273 812.59229
-65.377184 778.38026
-70.148559 818.20227
-64.297741 791.78026
-65.401241 783.82211
-69.536876 794.52647
-65.854528 768.83285
-71.756045 809.92330
-68.990938 807.57836
-71.405596 829.92332
-78.028582 827.44523
-71.831170 799.84210
-69.122124 800.53125
-69.904256 832.77576
-63.516781 762.19302
-77.202148 811.89038
-67.964550 788.26738
-72.619463 817.84544
-62.602697 760.83248
-75.010485 814.80116
-67.303985 805.14212
-66.893514 784.33655
-67.061260 785.67366
-67.014245 789.89530
-68.312029 807.82975
-48.216186 804.61682
-64.971990 784.75060
-65.235885 805.17521
-70.710665 850.85326
18.328413 795.16050
-62.035534 760.72606
-69.423052 817.73081
-80.017406 848.10734
-68.636068 805.85279
-71.629961 805.20408
-58.847701 772.88566
-65.091543 752.00504
-65.501394 779.74473
-76.141845 827.26977
-66.900451 814.51690
-66.251147 797.55866
-63.853524 780.26082
-67.580627 804.59210
-64.562365 742.80958
-66.253222 803.54902
-69.436815 838.32270
-78.405434 850.14818
-63.069549 787.07199
-66.007522 779.52668
-69.792251 779.93397
-60.879802 768.51124
-69.434624 754.98828
-66.257094 803.04676
-63.324654 766.17043
-2.4649893 773.55918
-66.304531 758.87677
-68.150823 809.05517
-65.205233 775.21819
-70.557757 830.32182
-74.813988 812.87131
-74.132555 801.97645
-70.483245 816.80722
-67.494396 803.31236
-65.011693 797.44484
-66.983843 787.47910
-74.229998 829.06706
-66.097213 826.03923
-58.503860 745.93220
-64.649077 770.24111
-72.392049 808.06092
-65.002587 794.92636
-73.326955 790.69089
-70.524987 804.76737
-77.875881 832.35754
-38.707802 805.23741
-59.554027 760.77214
-73.191219 781.82303
-66.901272 779.61389
-61.691418 783.65733
-78.131246 840.51691
-76.002050 807.35122
-61.480105 782.87466
-70.885494 821.34421
-68.135848 811.84349
-34.843889 826.38554
-69.151214 808.35604
-63.192824 769.76863
-69.091433 814.87930
-61.100048 755.07500
-59.422317 765.41780
-75.106621 821.72717
-71.122729 815.65144
-58.183190 744.86600
-63.450280 780.80399
-61.646239 780.60058
-72.442049 776.21209
-73.345379 778.51027
-59.687523 753.96628
-67.279085 805.78570
-68.332897 811.53270
-69.479555 771.17611
-73.879122 829.27636
-73.869585 824.03916
-61.417171 781.67349
-62.379314 769.70851
39.030247 772.43066
-74.625524 832.96248
-61.950591 790.73135
-74.745354 838.78266
-62.484456 757.08570
-67.685399 813.75893
-73.719219 790.23250
78.452616 768.36835
-65.969243 806.11895
-70.293764 838.09237
-75.928631 819.90065
-73.940410 850.58748
-69.033172 808.55221
-69.479088 782.04056
-68.725762 807.75061
-65.118749 766.24038
-69.858699 816.38675
-63.997924 770.82165
-68.211074 796.80348
-67.978469 789.18025
-76.318920 820.48820
-72.115755 828.88433
-67.198937 826.71134
-58.997429 760.41876
-67.188289 780.11893
-65.951211 793.70494
-57.002031 756.08445
-59.173974 744.50766
-74.720760 803.27005
-62.210082 781.91784
-61.756725 782.54124
-69.879110 850.42249
-60.965697 749.77258
-70.628609 783.70094
-69.645809 789.23172
-63.605630 793.52318
-71.842107 822.54064
-59.962914 754.62985
-60.169060 768.81622
-74.442696 785.04530
-71.895919 771.12480
-75.473723 815.68051
-61.819399 765.24447
-58.375323 746.55540
-59.041051 750.11702
-71.685293 778.08854
-69.444893 783.28481
-62.743789 778.97364
-71.402499 809.72576
-67.755971 815.58329
-67.886223 795.69745
-55.545940 727.63368
-58.025713 759.57908
-62.970125 778.97479
-62.325231 764.98665
-66.874819 813.59066
-81.118456 845.31709
-63.728579 785.95077
-70.631307 786.22034
