-60.877172 722.90895
-77.765509 794.75008
-71.839799 781.66148
-61.693976 740.18312
-69.478038 749.39571
-74.721054 786.25331
-69.300498 738.05750
-79.930776 776.51804
-67.105878 702.71229
-76.542631 804.35821
-63.154784 735.30050
-82.939697 838.92324
-87.845714 829.64213
-63.750606 734.67416
-84.926193 796.23225
-76.034463 816.05693
-76.624769 788.11021
-72.001338 787.31207
-77.980865 798.06100
-68.577296 761.98898
-74.430487 785.88402
-68.378750 712.72690
-11.001886 743.47098
-54.756929 796.23406
-68.613134 763.22628
-70.050410 782.19797
-68.848889 782.57615
-76.355596 768.02837
-75.068576 794.45949
-68.986085 785.49004
-70.928386 795.61891
178.97084 810.26209
-82.939779 841.73694
-75.149459 805.79322
-67.968925 748.37335
-70.292992 772.77753
-65.457329 747.76428
-76.462029 805.70465
-70.095831 772.16307
-71.009179 786.54312
-71.997240 766.92671
-69.818117 781.68658
-70.913904 779.67456
-76.484517 783.84574
-78.352034 816.50914
-67.974321 772.61350
-75.696034 809.55646
-74.692019 820.41109
-70.759668 787.30438
-71.355471 771.47875
-66.478067 758.10115
7.3972846 759.09531
-66.379263 742.14988
-74.053361 771.82725
-64.099567 786.75092
-66.851207 742.56013
-75.899493 798.65409
-86.101805 801.77136
-71.189355 780.50140
-70.362323 777.00223
-70.799352 739.83010
-79.383422 798.03973
-73.420698 767.12031
-69.475523 763.35913
-74.669884 825.60108
-81.336038 797.32845
-75.881659 803.04995
-72.841257 785.60201
-69.438188 749.17191
-80.534073 797.56355
-62.597947 726.41386
-72.283697 813.00515
-74.269192 803.72366
-75.091039 810.87499
-69.385470 757.53735
-68.344893 746.51857
-69.652757 774.76060
-83.605760 866.36253
-72.301714 783.55213
-73.044160 807.35168
-73.420866 784.21258
-76.068108 779.95926
-81.735923 815.63324
-68.022321 752.86436
-73.825048 787.05562
-84.427351 815.08250
-81.422736 793.60476
-80.484211 777.21314
-74.277898 798.66784
108.62268 798.31552
325.82126 749.36920
-67.862405 766.52294
-64.203214 744.38269
-69.693885 746.26171
-67.712617 764.03582
-73.281641 789.44794
-77.628359 811.60738
-66.097123 750.56757
-74.553554 794.53482
-75.929484 784.77507
-70.106941 770.37966
-68.453590 750.86132
-77.838512 798.37980
-55.777706 770.67618
-69.851556 755.19910
-70.976686 758.83660
-75.037766 790.85221
-69.388083 761.85419
-79.065315 799.21724
-66.468513 758.27458
-73.119722 783.02337
-67.656496 755.23315
-80.151232 789.77744
-62.597982 840.68387
-84.034237 791.86792
-67.543585 771.86489
-80.553285 808.30453
-71.784532 787.21812
-70.783586 760.40504
-77.709699 804.08113
-85.051967 825.98569
-78.821459 770.16437
-71.664584 775.63415
-69.456866 779.43256
-82.441558 801.44412
-76.283059 797.62703
-68.704537 774.03206
-72.124207 764.78256
-41.175272 811.14754
-72.574166 772.64446
-68.369511 758.46789
-71.600952 781.46832
-69.368040 756.88427
-75.228926 793.93434
-78.541987 794.08652
-63.758676 730.46126
-68.695895 755.61779
-69.371096 781.40282
-60.508802 722.55015
-85.067940 797.08409
-71.476892 753.76514
-79.119925 778.83551
-69.248439 775.02466
-63.628444 732.43817
-74.589713 805.17392
-79.702505 807.22843
-71.971091 777.43799
-72.503777 797.02960
-67.994331 775.40483
-73.260082 781.48054
-69.182035 784.16787
-64.260176 735.96324
-74.309274 783.92565
-71.561886 764.89227
-78.585573 769.17501
-74.298860 798.33251
-67.911217 747.60974
-79.716477 813.62281
-78.547725 762.37125
-74.462953 809.76968
-79.514668 776.61921
-83.390231 803.05245
-70.455900 782.45334
-74.220980 776.89114
-81.594959 778.71464
-72.766877 747.92639
-73.398914 801.58924
-72.240082 792.06018
-72.918339 785.87371
-81.234146 788.92222
-71.162747 812.82294
-74.766468 807.12385
-69.124758 756.00845
-69.967670 770.11964
-72.976265 803.71233
-73.281692 778.27470
-72.907611 762.52830
-62.607567 732.63190
-75.585062 799.04341
-75.022581 810.57470
-75.429142 761.43566
-64.892104 746.26747
-64.719718 753.58975
-76.871735 814.72866
-74.838444 793.10897
-77.602177 822.95324
-82.664027 803.30679
-71.036208 777.28166
-69.953480 786.93784
-67.718082 750.10885
-74.639070 799.55267
-76.000626 776.34260
-68.062514 741.02577
-75.463505 764.15798
-78.400162 795.12403
-73.896330 796.30475
-66.701210 750.44567
-46.508335 776.17867
-69.172412 743.69910
-66.375676 764.38473
-69.362659 780.63776
-71.339066 796.07383
-67.960865 769.12617
-76.089602 789.45916
-86.421117 843.25277
-81.795685 871.51354
-75.437404 752.50058
-79.456859 777.02934
-78.499040 826.92136
991.98142 841.37519
-71.144411 799.49264
-79.793768 773.76226
-80.174113 795.01534
-60.754682 724.38722
648.80317 813.26969
-86.167127 813.83265
-82.430211 802.00310
-57.366391 691.94342
-66.213392 757.67174
-78.986995 823.29263
-78.420153 814.21207
-78.659155 790.33703
-75.188935 780.70959
-73.732860 786.69377
-70.235258 772.07364
-75.196425 807.30680
-75.755615 769.27996
-77.663277 797.13802
-71.952911 773.10440
-71.258344 789.54478
-69.878968 797.85513
-74.098952 786.00886
-75.302217 815.98556
-76.722836 796.97986
-68.495028 778.33364
-77.834037 781.68091
-77.569947 788.57601
4.4645124 845.69879
-79.313733 804.29851
-51.977071 787.34028
-68.694660 781.15714
-81.632582 807.48207
-84.516905 811.63223
-70.125259 779.92140
-72.840028 782.67043
-81.732615 804.42552
-79.695774 793.47903
-63.447933 744.50336
-73.809705 783.83452
-70.081821 778.42355
-69.125108 768.56281
-72.461001 779.39913
-79.641053 769.15185
-71.371248 774.26492
-73.087200 791.10203
-68.456481 759.08752
-72.646013 777.71296
-71.720467 770.93990
-73.198372 761.08885
-83.746898 801.46190
-84.356802 801.36106
-76.690774 802.61131
-69.577848 779.52768
-67.577583 776.89092
-69.341118 766.28699
-69.252359 774.12877
-69.195888 761.55435
-70.111712 781.37074
-67.522157 771.55691
-73.270384 802.78305
-77.544486 835.51920
-78.431282 783.51631
-71.518127 779.71072
-81.741236 805.39200
-75.194959 779.55717
-81.180651 800.30201
-82.633948 805.58220
-72.805373 760.25181
-8.4911876 812.68651
-73.641301 776.83779
-85.944469 829.89705
-72.936558 803.96166
-62.842154 719.04239
-88.027649 828.07977
-68.219764 736.80828
-69.514963 740.39983
-82.893628 806.51841
-68.842826 767.94492
-70.129866 760.13911
-65.563819 740.64513
-69.790582 785.53043
-68.094957 757.54505
-68.998746 782.57128
-84.807396 846.16407
-71.964866 775.70972
-79.639549 821.37824
-70.945997 772.39967
-61.949624 733.51067
-79.885733 814.18427
-65.041010 739.38175
-71.062660 772.72826
-73.184819 793.25268
-77.029140 786.29547
-70.197255 762.30420
-76.885381 797.00875
-75.117617 767.59795
-76.712784 817.27122
-72.866940 806.83038
-70.088896 734.97619
-73.773386 820.15889
-73.504525 752.58617
-68.528558 761.52884
-72.518678 746.42944
-77.864196 815.47464
-81.081608 774.07055
-70.111719 776.90955
-75.162324 787.19811
-29.627591 808.36764
-65.106075 730.61246
-69.836854 756.10174
-68.955250 758.73694
-73.501050 782.28615
-72.721554 790.21014
-71.568476 753.21570
-78.566048 808.22215
-74.003253 785.16892
-72.669979 799.81079
-77.554980 793.36387
-85.267303 832.83911
-78.276617 811.81832
-71.492336 778.64316
-72.370922 791.90559
-78.821707 823.94175
-67.034985 739.24977
-75.497257 814.95495
-79.067925 780.18973
-74.450781 809.87652
-76.875989 794.32136
-64.525558 732.79002
-81.878152 800.08141
-70.693867 770.40266
-69.454457 745.01182
-74.827377 794.43629
-72.118390 786.55403
-75.044453 758.78180
-67.129927 771.60893
-75.014601 774.85615
3585.9081 795.77187
-72.254930 773.01975
-72.780201 791.30497
-79.057664 771.84919
-74.024702 803.44008
-74.336525 794.46001
-72.602739 804.50282
-65.399712 749.45526
-81.321851 837.03373
-72.685691 789.72367
-71.935836 781.89387
-75.752111 794.36577
-76.780833 802.72349
-79.355810 802.03945
-78.899231 807.92605
-61.508312 722.38930
-71.270798 797.20609
-75.178920 798.72266
-66.224385 739.77335
-72.529199 786.16651
-75.363591 787.48177
-69.019694 755.38499
-76.950862 805.10776
-75.479835 778.35061
-77.273737 783.64356
-82.944548 846.44851
-69.696729 796.49064
-75.682829 808.53723
-75.487832 800.84365
-79.477682 767.06965
-70.336749 786.73359
-66.636771 771.98804
-75.912789 806.16951
-71.366239 780.78460
-65.825792 732.90009
-70.047906 769.38831
-71.146910 782.63577
-75.140041 795.88779
-72.668449 782.15006
297.09881 805.72774
-79.747391 834.79829
-72.162958 800.28012
269.15013 830.61994
-72.442975 783.63701
-61.006059 786.16807
-69.192560 755.77170
-88.554370 834.98762
-66.861261 768.11029
-74.472502 783.15020
-80.474720 804.53126
-71.846507 777.71504
-75.138354 767.72810
-74.106814 784.82531
-78.704165 812.47170
-68.629671 746.61392
-71.282639 760.64356
-78.543388 795.95798
-76.904788 760.16662
-71.449588 780.76186
-69.567220 758.23792
-72.204932 799.44377
-74.635702 815.80518
-72.844352 772.59507
-65.314853 761.31463
-71.101064 758.30918
-78.351056 804.64573
-72.495696 800.41009
-87.976101 818.61114
-64.488137 726.45360
-83.314491 801.22551
-80.245750 837.11258
-75.518797 784.09378
-72.205623 779.61407
-79.857949 823.33409
-73.807767 774.99273
-69.941937 777.06364
-84.219579 815.08834
-73.379098 800.06911
-65.757182 747.58974
-67.483461 761.29906
-71.721483 782.32716
-78.187737 831.98243
-85.139592 790.80117
-69.924932 766.20937
-77.302269 774.82059
-63.307743 733.75277
-70.566495 767.33297
-74.417767 765.56322
-67.902779 743.38469
-74.285303 814.12576
-71.902746 780.69207
-74.981054 759.77608
-62.862394 722.27267
-72.739944 801.92039
-76.640747 820.22287
111.17625 774.26270
-69.017098 755.46803
-80.055245 790.80068
-77.633051 775.86887
-82.180914 800.17418
-81.287207 795.60472
-71.930510 737.53009
-74.483009 765.34548
-73.876359 766.26466
-68.853373 750.16508
-71.971780 794.41057
-73.009411 802.17735
-44.807129 799.41815
-80.088809 855.99349
-67.720694 766.41541
-70.675323 776.02621
-73.596858 808.91333
-72.987093 780.11498
5936.7008 849.25846
-67.792102 758.97962
-74.667568 787.77277
-69.236735 790.00032
-83.391070 807.79493
-75.006928 779.61154
-68.861603 756.28240
-65.378070 740.39826
-79.717915 809.75156
-76.040240 807.76774
-84.843209 825.73009
-70.651436 774.26778
-59.370174 787.26877
-66.912339 760.54185
-86.309579 811.53804
-74.460929 808.23532
-72.547803 780.71214
-66.241106 759.12577
-83.339647 789.58811
-73.383624 769.65794
-82.560190 778.74767
-77.159716 817.99873
-67.373307 764.63658
-75.976111 820.52398
-76.856184 813.99367
-81.112170 847.92606
748.44015 814.63921
-74.408881 800.43013
-65.820260 744.32619
0.25702582 824.34592
-82.791894 819.04794
-62.982059 732.86980
-76.763442 785.93177
-76.984173 766.51311
-63.421325 724.46554
-86.763211 838.72519
-73.229761 782.73267
135.66120 753.78824
-75.278665 778.39845
-73.112161 805.57594
-78.525929 792.25522
