-77.027914 783.04755
-79.276098 790.55938
-88.345899 788.39702
-80.656229 786.08855
-79.930848 751.64303
-74.762092 759.20293
-84.952686 800.34443
-75.020358 760.24450
-74.078024 724.73127
-81.914530 736.39983
-68.920007 740.03244
-87.089127 771.31684
-86.714669 779.26955
-70.252630 733.41698
-82.535336 791.40072
-83.380337 782.47061
-80.284883 771.76345
-79.063899 763.14746
-79.586777 747.39222
-81.498648 779.40894
-78.386359 775.73702
-71.060120 736.48986
-68.915250 717.58813
-79.497309 794.27005
-75.631476 751.03853
-86.864397 755.04374
-76.859129 768.86432
-76.523203 781.80516
-75.831223 781.31983
-84.298816 765.26203
-73.996935 733.53391
-89.688718 814.07891
-74.187070 719.27997
-79.564170 771.69217
-86.028613 792.03486
-85.086231 772.95014
-75.171896 783.20685
-78.148628 784.10979
-81.879739 799.94734
-89.006195 803.52069
-77.053655 774.87890
-83.627073 760.00641
-75.060995 749.81635
-88.970047 780.05296
-84.270129 754.81574
-82.529192 780.15336
-76.348899 768.70646
-81.071622 763.31811
-78.801089 782.61016
-77.682923 765.86633
-83.401546 752.55347
-73.928394 754.37348
-91.958244 837.23886
-78.961303 778.45742
-82.616051 784.78845
-87.554522 760.57414
27.794886 755.08001
-89.098013 792.14380
-84.732815 802.29666
-81.615159 778.73585
-77.437908 747.31947
-69.496015 722.23607
-72.683148 732.01854
-79.379098 752.82912
-76.244092 757.47587
-84.536504 807.24059
-78.337767 780.52554
-84.811504 808.48708
-75.958257 783.27160
-76.726814 783.02300
-79.351775 806.08212
-85.572114 766.09744
-100.70251 849.75784
-86.526412 818.69694
-78.392083 776.14838
-91.708362 805.56403
-86.589138 777.31521
-90.561864 790.09185
-75.732851 771.50460
-82.689828 753.75942
-78.147095 772.67114
-75.382736 729.23551
-69.691989 744.87682
-90.661345 803.53182
-74.890324 770.63149
-66.004393 714.99356
-68.172897 727.60490
-88.811985 796.83150
-79.178579 784.74488
-72.552484 767.54886
-89.197942 756.16723
-78.061572 751.75825
-80.660885 742.35300
-72.095752 776.16498
-78.571174 733.43291
-79.465904 778.63211
-89.184883 785.70256
-72.187334 734.77042
-74.838653 765.65915
-84.438772 758.38514
-84.001796 756.80499
-73.347871 736.78640
-88.413283 796.61927
-79.722401 748.75870
-78.744213 740.06856
-82.962230 781.56050
-78.744042 802.24243
-77.516537 748.73178
-75.793308 755.19747
-79.307954 748.77395
-84.014076 821.98766
-75.477538 784.36758
-88.239412 764.03091
-86.427797 785.87252
-87.007163 817.47074
-79.929729 785.70033
-70.865134 725.62125
-82.202453 803.12527
-69.181755 729.22089
-69.337095 727.26898
-84.060829 800.96886
-85.135376 808.65820
-80.958549 803.11423
-83.302639 782.14578
-77.543823 782.28906
-77.167731 743.35250
-82.646499 775.54698
-89.500431 793.60781
-77.921246 775.15806
-86.778823 800.65537
-74.481013 788.41333
-68.049757 711.41957
73.147042 794.60739
-81.322648 810.74726
-84.658948 792.10002
-89.147424 789.30148
-74.242735 735.38446
-76.135747 765.53698
-79.898912 788.85007
-83.974535 791.64195
-72.994658 755.08468
-78.461162 754.75148
-73.221740 731.25906
-80.191511 789.17353
-84.191095 802.45255
-87.679566 805.47900
-81.131998 782.40337
-74.231970 760.28908
-96.276029 837.53332
-83.961692 776.89078
-76.288605 750.42218
-82.633645 763.86971
-81.706494 773.51787
-81.122716 791.47600
-73.600897 760.93929
-72.850866 760.75408
-79.397027 780.89826
-86.384547 806.06830
-74.259752 752.05540
-73.243508 739.71907
-78.610161 742.95807
-81.409711 795.95311
-93.778850 807.45155
-85.994744 781.61615
-84.909752 800.10462
-95.922982 843.16786
242.16353 789.02442
-82.449171 782.83143
-76.532837 780.79174
-67.664374 724.97396
-75.677258 796.30583
-78.581737 757.69990
-87.911653 805.10293
-87.267172 836.39936
-78.301425 764.21093
-79.180585 755.33934
-82.118328 774.11781
-74.122667 743.71018
-86.306176 779.14795
-75.685017 749.66953
-93.162257 827.53656
-81.099393 776.33606
-82.870408 758.95069
-68.812527 725.62308
-84.310178 781.07696
-78.454033 795.08283
-68.773808 719.22439
-83.471738 805.30536
-81.865856 732.10847
-75.807340 753.55713
-70.758961 703.69340
-86.083059 785.68909
-77.895845 718.88870
-72.553656 758.63875
-74.198657 760.28510
-77.953371 759.49252
-87.509409 781.25487
-73.002120 741.96989
-87.856344 769.44367
-89.879607 833.52890
-78.741299 776.53921
-79.762641 795.16072
-73.576629 756.44979
-78.000622 715.86580
-82.424252 783.10776
-81.564577 772.59652
-86.430682 765.11854
-82.135479 781.23903
-86.332236 815.29349
-82.570769 809.44955
-77.657271 765.94636
-95.367459 823.33450
-83.066232 772.11037
-71.733589 743.50823
-75.975534 763.07594
-74.149057 762.67153
-90.320784 802.39399
-70.520182 742.36577
-87.235729 797.02571
-68.893904 742.42720
-73.796288 746.37427
-74.581409 751.83161
-82.992100 799.43441
-81.204959 785.82537
-75.535082 760.88657
-73.728190 754.55644
-89.477510 777.90383
-70.444953 716.76583
-81.641808 771.74475
-73.503764 759.39030
390.72411 818.01448
-74.072210 721.14721
-84.506623 776.57867
-82.049305 802.43131
-85.625424 791.97910
-84.559806 817.76670
-81.639605 792.55729
-85.011369 758.79414
-71.739111 726.18642
-75.791383 751.07382
-88.090216 798.95723
-83.377727 774.48622
-80.814163 762.58567
-82.949389 790.51841
-69.869408 740.87500
-74.278438 755.12927
-93.551066 828.18974
-81.105620 773.70895
-76.476897 758.73666
-73.945404 752.23992
-89.757471 804.64267
-75.324253 779.58016
-74.282388 756.04024
-89.552503 769.18962
-75.458117 774.98289
-86.138351 785.81340
-80.860288 782.90521
-75.329426 765.97837
612.86050 786.91600
-82.047365 789.17416
-70.641825 735.44841
120.38875 813.89769
-80.499591 758.03101
-80.460400 776.84550
-82.427412 797.42488
-68.493734 701.49701
-83.425851 796.20021
-79.387205 749.82794
-77.714580 760.68776
-72.075342 745.79965
-76.999169 759.38013
-76.132490 755.51033
-85.641408 809.42631
-82.563096 776.56922
-74.982543 741.65786
-81.878804 786.27268
-71.272379 728.53764
-48.288899 760.65488
-89.485797 803.58692
-80.922566 716.79600
-82.170647 770.98602
-75.393217 754.95739
-85.650795 779.96080
-85.503694 776.40786
-81.680204 794.50012
-75.031266 754.66523
-74.062047 757.34563
-75.412887 766.29753
-78.329312 759.51211
-74.615499 756.17170
-89.305051 778.29205
-74.247415 782.88802
-66.218363 698.23699
-84.735786 789.79290
-87.533233 802.93087
-93.092904 828.46083
-90.405614 791.50591
-85.347139 771.35329
-80.279898 771.32032
-82.017835 811.89201
-89.391157 827.50789
-85.632676 775.09657
-84.790657 763.95854
-76.898685 791.72951
-78.167594 779.55381
-79.248413 769.08886
-76.411508 766.44984
-81.753739 792.86457
-69.401923 708.09749
-74.429032 737.09187
-73.585214 753.14076
-78.529177 790.94256
-78.474251 770.56255
-91.526956 801.07161
-82.776349 803.00303
-70.815370 747.37765
-86.517084 800.10233
-92.794800 817.38696
-81.549489 786.29032
-89.239202 788.89135
-79.570155 783.29645
-83.708836 812.70479
-80.931752 755.14054
-73.336475 758.51679
-85.508092 792.75139
-71.194639 732.60394
-75.924475 772.81594
-80.092863 753.86572
-80.111358 776.61959
-70.907595 769.11224
-86.444621 813.96684
-83.935560 808.26686
-85.105578 760.47996
-80.411246 774.63413
-79.917564 790.84574
273.56709 804.16947
-77.262781 762.08054
-79.906836 771.21425
-82.803316 765.34988
-82.243035 765.11542
-81.602658 755.91476
-84.057446 796.04985
-72.664063 754.41601
-84.778565 784.29589
-81.568351 769.43808
-76.531560 767.87011
-77.873818 768.13692
-74.871371 747.72655
-73.529498 761.12232
-76.083972 733.89509
-72.107504 740.69916
-78.006735 750.90412
-84.547199 740.31861
-70.412938 740.65557
-80.353146 758.85422
-75.308807 743.62103
-78.950644 777.96967
-71.252614 756.76810
-73.534556 743.33348
-74.922368 751.51842
-83.185669 779.80590
-78.220403 751.22704
-77.861483 749.20678
-75.513234 758.54374
-30.472094 788.64268
-78.156446 779.67216
-92.746895 819.22405
-76.280620 782.34962
-73.839573 766.95626
-81.652161 751.98547
-84.175712 781.80442
-77.063809 790.78995
-74.885722 790.01726
-82.904916 755.96498
-85.268202 762.74684
-78.111267 767.77087
-84.498716 795.76507
-84.757416 793.43304
-79.796461 777.20472
-75.408329 742.34402
-80.225577 782.30307
-73.725399 746.32626
-75.758356 741.04337
-94.718571 798.06118
-82.646126 781.72563
-76.914810 776.20372
-80.856140 778.88854
-80.551105 768.56007
-83.382263 784.06457
-72.519844 754.94011
-73.875659 754.34272
-87.688020 803.68350
-76.691229 735.77181
-73.145901 757.81668
-72.250305 735.06457
-80.935963 787.13676
-79.792687 773.27405
-74.477182 731.62709
-81.696245 786.90250
-85.978400 807.55489
-75.012271 733.22832
-73.408645 757.15452
-82.681235 789.00247
-78.823733 720.94012
-82.420355 782.68001
-73.343549 744.84959
-84.600139 816.53871
-76.245538 782.73550
-72.693139 736.01270
-87.536325 803.19386
261.40272 780.53174
-69.505198 734.32310
-77.896986 748.91774
-80.177843 777.80808
-81.799479 787.05693
-83.715347 753.16807
-74.083773 754.41283
-74.720891 759.65917
-70.410692 733.81675
-76.415392 761.10130
-76.823442 762.53995
-81.987636 801.80084
-73.404489 728.85182
-68.583363 744.65714
-71.587102 716.95580
-87.986286 798.96021
-75.777203 742.19444
-87.942376 792.82636
-74.303176 759.09471
-78.402994 736.15239
-71.680514 729.50329
-82.868944 772.90855
-83.985070 785.18884
-94.932431 817.28891
-79.546315 799.07596
-85.851284 752.68008
-78.039753 805.61289
-77.999948 760.24831
-87.781123 793.12536
-85.113501 772.94668
-72.137304 735.33159
-78.197168 759.30185
-77.987647 752.76113
-76.541570 775.49071
-73.856907 778.49996
-82.061747 737.34050
-71.096387 737.76957
-79.212709 762.57247
-75.804858 735.64301
-86.468970 803.50161
808.79394 803.85707
-69.506659 711.47005
-82.182772 795.99145
-77.380808 770.83165
1484.2369 820.81421
-79.494301 778.87975
4417.6611 820.25863
-81.303197 801.11529
-85.672743 795.05861
-78.706312 771.96486
-91.540922 819.29773
-75.603328 739.44141
-81.882769 779.60026
-73.182727 746.83185
-73.082009 756.52767
-81.746930 777.65709
-66.191447 722.63823
-76.929695 746.18022
-65.217083 664.90785
-77.606409 759.53439
-94.177642 833.62619
-76.038938 780.74322
-75.918759 762.82870
-72.358379 753.47340
-82.290785 764.26051
-72.946259 747.66155
-89.304656 805.86386
-70.139240 726.04151
-85.724637 776.70544
-95.238317 827.39715
-77.857998 753.87418
-79.752704 790.91126
-85.109738 816.99606
-85.217371 760.94675
-82.725670 789.53357
-73.073250 722.18511
-74.684596 758.87030
-83.545517 767.30326
-85.040703 754.64142
-79.363828 783.07513
-74.554338 764.42460
-82.960166 800.12284
-87.258872 794.13748
-79.458839 800.06981
-83.666692 802.56493
-81.106310 761.36131
-83.746151 823.48862
-95.493079 825.51467
-82.865032 786.71205
-81.245045 803.61161
-79.618830 780.90738
