-86.930654 790.38529
-80.408015 738.49695
-83.555033 748.76347
-84.901984 764.68865
-75.959792 726.48579
-86.790315 767.81201
-81.154913 736.12194
-86.882477 768.73672
-83.725040 752.24181
-82.718884 752.35594
-74.366116 724.19559
-91.618087 777.92069
-79.259931 728.06822
-95.833041 780.58211
-82.525086 758.41250
-80.700140 753.47271
-80.847740 737.98429
-91.316940 762.76472
-94.856985 772.86301
-86.121793 736.48861
-92.442286 828.51163
-77.391096 727.20814
-86.384770 767.59249
-94.912525 817.80182
-87.288456 749.56414
-82.501725 750.33939
-82.397379 716.72508
-81.687081 779.25969
-86.336707 766.75454
-89.455430 776.48176
-91.147390 770.30796
-94.235452 799.01586
-90.865523 779.72514
-89.913795 766.73690
-90.088013 779.59771
-84.394266 754.85255
-96.197551 775.80727
-87.073317 746.69731
-79.405002 749.79766
-85.287618 776.31330
-85.426668 792.00066
-78.092381 746.05126
-80.426433 738.56383
-87.011838 795.32455
-88.938936 764.25573
-88.884628 763.56602
-87.484262 781.17870
-86.055726 787.67044
-78.460555 731.13896
-84.147797 764.41418
-86.760561 780.31036
-78.277524 730.47934
-76.290146 710.95997
-74.985405 708.86756
-87.895270 773.06627
-86.082715 780.35359
-85.874761 769.14217
-83.836542 753.09531
-89.424532 795.39788
-83.553475 762.22182
-77.051252 721.03822
-104.36307 845.44586
-82.241201 757.37885
-84.727690 781.58233
-78.740890 732.50633
-79.450454 740.40684
-89.076335 740.61943
-95.292602 793.09121
-76.200832 720.17004
-88.867282 749.26803
-94.333287 784.35329
-99.217695 816.93101
-93.900755 774.14840
-88.785271 813.83097
-88.373063 760.49848
-89.003496 789.20698
-84.350697 743.29691
-83.080516 744.44292
-91.887042 762.10612
-93.492479 823.20332
-86.194818 762.64761
-91.870849 790.14010
-84.549842 764.23302
-94.639079 819.77046
-92.371666 738.66510
-92.621255 761.47414
-96.186407 828.83385
-78.097111 742.15294
-81.645096 746.67286
-78.389835 741.90026
-81.950853 760.92127
-96.377433 790.51252
-94.383768 765.81184
-78.508731 724.48623
-99.452123 777.21184
-90.293425 807.20181
-97.866835 794.72487
117.28048 791.63387
-77.946168 727.94470
-91.748673 771.73927
-87.049285 745.26178
-94.318046 794.17230
-78.368852 735.24293
-85.652784 780.93940
-74.277325 710.75181
-80.925615 770.12919
-87.516348 762.21201
-79.664875 752.58906
-7.8869504 741.86283
-83.658416 756.08303
-78.149112 744.37887
-82.516060 756.97774
-94.527476 788.09825
-89.903403 779.30359
-84.605903 768.66634
-79.917800 743.35884
-79.765461 721.50111
-80.386335 759.63249
-92.771251 781.75029
-82.803687 759.56466
-82.504152 744.59924
-91.130603 796.08533
-76.538628 711.91849
-79.321420 741.54485
-81.545607 742.01881
-91.970270 791.06738
-91.261732 749.56151
-91.926052 802.07876
-71.474068 706.05346
-96.082858 795.36941
-82.474208 743.89581
-87.065058 770.12573
-82.550757 770.91295
-86.747239 766.45176
-78.043002 716.80373
-87.884503 737.07146
-93.240534 793.76822
-88.744585 779.02073
-74.326427 720.94676
-83.803982 747.49933
-100.26384 793.90437
-87.027308 764.23245
-81.560875 748.52872
-96.160906 829.94499
-87.844952 774.10753
-83.571787 757.56285
-81.323938 737.85788
-85.980234 735.03981
-78.382458 713.55418
-62.776764 739.13580
-88.704294 766.89143
-93.350919 811.36343
-83.496860 762.79070
-89.619590 735.86487
15.194612 774.04684
-84.659778 755.96403
-87.728269 771.31976
-81.066013 758.13119
-84.931032 748.46542
-87.390753 765.19786
-89.552160 779.30947
-80.687801 726.18182
-93.405316 768.60411
-85.301490 785.31877
-81.529878 741.12704
-82.834308 743.38264
-80.007373 749.68220
-77.243576 729.43299
-80.256974 730.50773
-87.905790 769.25345
-74.198970 710.19189
-88.911666 782.75563
-86.181431 771.88735
-75.483223 724.64879
-73.390368 724.92551
-86.681978 776.78387
-79.400680 732.94938
-82.556864 756.66512
-75.112539 731.20292
-88.769584 759.66709
-83.631470 768.33242
-90.252183 762.49287
-86.148932 781.55825
-74.374931 715.34052
-88.014374 750.51187
-92.265937 753.11318
-93.713046 804.38506
-88.357842 779.11499
-83.963997 760.68257
-94.919009 801.37469
-85.334949 769.28272
-94.373699 796.65022
-91.594724 812.28650
-94.779108 783.51325
-91.856167 761.89020
-92.556583 797.36935
-97.377641 831.47941
-86.438410 747.96307
-84.476921 771.72241
-105.63091 824.30616
-79.188817 734.65645
-88.508588 773.46852
-90.675936 781.62753
-85.171765 744.01170
-85.833011 770.34521
-84.148527 782.75094
-85.247096 779.69495
-90.163378 760.92506
-88.145750 775.18325
-84.871014 770.29451
-83.627900 755.69439
-87.014770 762.06543
-80.589667 742.32314
-84.087510 755.83363
-89.629829 767.34950
-79.451502 747.69092
-79.395798 744.40281
-76.273067 742.56686
-80.693963 745.30866
-85.778299 770.44353
-98.062914 798.42786
-89.801207 785.28488
-90.441043 785.52306
-80.942045 748.18429
-99.868221 801.54080
-98.451750 836.05902
-81.757113 753.78631
-86.638725 727.59976
-76.882267 730.48195
-87.698551 781.80605
-86.613208 742.26432
-79.367571 720.32441
-98.477566 786.78360
-94.579207 768.71116
-83.394198 735.27032
-79.707667 746.37378
-84.888031 776.59265
-88.384543 748.71592
-90.698218 783.03707
-88.179790 789.38625
-90.384138 767.56706
-86.565149 769.93121
-93.559599 762.70239
-90.458288 785.07470
-75.970053 741.91425
-84.743654 725.31573
-91.494116 808.68560
-79.558386 735.84139
-79.461771 732.32124
-88.270612 757.58394
-83.255263 771.37879
-90.383955 772.71119
-89.098818 781.18411
-87.642651 778.52861
-86.358042 771.75136
-93.933297 801.77364
-87.627433 787.33853
-90.443860 752.84025
-88.355994 799.19072
-92.356733 769.12434
-90.688796 773.12831
-88.557800 784.08554
-86.655712 784.26939
-88.320984 779.46118
-94.442726 805.09648
-93.721786 772.01646
-88.685300 798.00378
-78.182422 721.78562
-89.918340 784.69707
-92.201540 759.62588
-93.533249 784.40461
-93.300489 804.55693
-86.271226 772.68379
-89.428401 763.39850
-88.518546 775.85596
-93.886281 790.55143
-90.452386 793.49112
-75.893376 716.24840
-87.615242 768.06502
-86.372909 790.63545
-80.438609 743.98408
-88.250265 793.21537
-88.089670 752.54897
-84.560946 768.13018
-88.898766 774.33728
-84.731191 771.15262
-83.113164 764.63393
-92.748258 755.66791
-94.329968 750.71855
-93.842269 767.80867
-76.834966 710.34798
-87.416955 787.76178
-91.523295 780.07311
-84.733277 749.60900
-82.038894 760.50288
-81.801556 767.42314
-84.186130 755.95437
-90.702283 801.16856
-77.066377 738.52819
-72.399357 708.40886
-99.314566 812.36188
-84.651783 758.22224
-87.455955 772.92621
-88.927496 789.64364
-83.423245 766.71844
-79.078063 738.66061
-82.799266 743.44566
-81.500261 754.45792
-78.802280 749.82216
-77.429897 723.29571
-80.065808 747.59663
-83.458030 743.04434
-89.987264 766.35654
-89.166510 760.91347
-82.895291 750.67672
-85.976171 778.74459
-75.327245 723.42354
-76.025420 713.10031
-83.893860 766.20758
-83.249196 745.76816
-91.956008 787.01750
-89.265692 763.67577
-77.524339 755.34495
-82.819290 761.90962
-90.787440 764.75192
-82.666247 747.63123
-84.899008 746.20292
-74.313107 735.46484
-89.800814 736.25539
-83.331198 779.25510
-88.337892 791.16793
-86.396753 769.36822
-92.137001 788.04216
-98.151358 793.83002
-78.041384 710.38174
-90.028423 764.42400
-84.912521 758.37275
-96.352847 785.33782
-89.545201 792.33458
-82.268547 759.63349
-93.538883 770.38274
-85.019484 771.51768
-78.946175 747.30202
-87.164789 778.34244
-88.924841 792.51912
-84.913488 734.19332
-84.501121 765.34027
-83.891418 775.69113
-91.729836 750.61110
-85.322658 773.57297
-83.724632 755.82443
-73.405563 716.94645
-82.270396 757.87364
-92.662033 808.36811
-80.628448 754.53204
-97.067148 813.64391
-81.512210 759.01141
-86.360288 743.34228
-81.642979 752.55965
-95.521603 768.04193
-83.503595 755.38065
-77.090416 720.96100
-65.985212 674.69279
-89.397483 795.65308
-93.625559 785.66920
-75.289836 734.59392
-84.391989 749.86740
-81.427181 743.46057
-85.137054 750.50283
-79.303284 747.23034
-76.359049 720.20082
-80.399286 751.54062
-76.174299 729.46440
-85.106961 771.10260
-88.195246 782.28973
-85.716339 757.42556
-91.341509 786.16590
-88.463209 790.53596
-77.080028 730.96724
-80.337827 742.56854
-88.110395 740.41194
-74.783791 718.57057
-85.149826 739.82377
-86.361296 751.49829
-81.245889 740.33119
-82.200925 752.75384
-82.793799 741.70897
-87.981405 760.97828
-84.262129 781.33342
-82.095759 750.19015
-88.497362 720.48570
-77.276909 720.59699
-85.032859 782.45047
-88.800361 764.12920
-89.258026 778.24456
-89.182690 780.90977
-86.911188 772.46289
-91.704288 768.70602
-88.058922 784.38757
-80.132661 736.57845
-81.814812 741.30557
-87.068917 750.17732
-86.679879 749.44746
-83.801035 768.42668
-79.841418 734.49741
-75.647969 726.84684
-84.030569 759.79651
-84.189694 772.73239
-92.175507 775.02920
-93.323695 809.41718
-77.891355 758.66122
-94.361934 794.89343
-100.11817 818.26344
-82.512467 744.04194
-81.660271 760.05377
-90.085253 763.26643
-84.868628 763.72783
-80.470892 780.77544
-96.218820 777.89751
-83.421229 742.74054
-76.652321 729.79833
-61.018933 733.77309
-83.085009 778.36710
-83.492704 777.53235
-89.054824 772.11155
-81.498284 772.00189
-101.78626 802.75960
-88.742569 797.48799
-90.820895 776.67736
-98.712103 792.99938
-93.466170 821.76609
-88.583215 802.07086
-75.882711 721.59864
-88.582810 764.85789
-77.483762 734.05352
-93.341312 778.79922
-77.799503 740.39751
-85.252023 799.51717
-100.84141 807.52901
-79.029344 738.10557
-98.625481 786.79813
-80.179296 746.85451
-89.818033 769.56706
-82.260089 755.07917
-85.222371 765.75510
-80.906711 734.97173
-87.201109 777.28961
-97.315525 781.04134
-83.595332 753.90445
-98.447077 789.25201
-85.571077 770.54034
-92.027095 786.66904
-82.753529 757.56235
-90.782835 797.75338
-89.334493 794.54343
-91.787362 786.94038
-84.950667 756.94941
-78.646640 748.16412
-89.017299 793.02603
-93.273945 788.44645
-83.024432 758.29642
-92.474928 752.86482
-83.245378 740.75407
-84.379538 727.68406
-85.901785 740.60514
-83.377457 762.13163
-82.327774 753.96705
-74.662698 699.76463
-88.534033 797.67693
-82.582871 743.21672
-82.150585 760.83653
-83.131969 768.22057
-77.403384 723.84441
-82.745084 763.34305
-94.918270 786.02597
-84.682031 784.78870
-87.176985 763.08452
-82.984761 776.26624
-85.819041 753.12660
-82.071978 758.75150
-94.194692 779.61329
-98.851115 832.60197
-85.231518 769.77797
-60.786826 837.72004
-73.903892 706.57407
-84.824109 787.44438
-84.964966 754.36804
-89.233475 755.83854
-88.733972 786.32416
-91.399105 789.63629
-74.711976 719.51928
-87.927395 773.55105
-81.606356 750.36688
-86.308949 785.87284
-86.089758 756.17653
-94.978503 785.40556
-91.278072 769.68170
3.2911699 793.22781
-88.190340 786.12460
-80.388371 750.36223
-80.472651 742.37244
