-100.83082 794.81434
-88.200811 745.26177
-91.211685 730.16541
-88.974813 735.70584
-94.311026 791.92255
-91.982349 745.53345
-90.872448 695.59224
-99.327204 759.41266
-80.995470 716.32447
-79.134743 705.43837
-91.661450 767.35167
-104.55042 773.17767
-100.57098 817.55951
-85.505581 761.83520
-102.09811 783.41501
-87.504432 712.59447
-96.991438 770.77546
-91.573761 745.77209
-87.561878 747.99137
-82.277329 689.86082
-95.018131 746.10726
-97.973755 729.11361
-92.121048 747.11216
-97.894601 792.73638
-94.194411 778.44365
-95.162599 745.59683
-100.23227 794.88222
-86.336006 748.24379
-91.542098 765.32075
-96.261470 737.39447
-92.281987 770.91939
-93.465008 771.88048
-82.561813 731.89485
-95.062522 765.85721
-87.305224 736.83784
-98.858993 761.76725
-89.624494 749.88975
-102.56976 792.33184
-90.289626 738.31349
-95.573135 759.36967
-92.014397 756.63047
-86.470381 723.24806
-97.276494 762.95342
-102.03239 752.59923
-87.009211 742.80045
-103.22489 744.16426
-88.120242 743.55489
-94.029405 776.88996
-92.185841 750.27546
-90.651087 738.45493
-99.270668 797.59236
-96.310525 763.81429
-86.004538 743.81513
-97.962790 795.35883
-88.507585 753.61823
-80.255069 711.41305
250.93612 779.94079
-84.106410 738.87869
-91.103313 756.77833
-92.956596 789.30731
-83.156084 723.55405
-86.508263 746.68350
-100.06100 766.26104
-97.734575 747.43507
-96.141662 763.71783
-109.32981 787.11794
-85.333921 704.78418
-95.837035 764.55163
-96.887978 781.61299
-89.090241 706.91427
-88.369577 729.84804
-91.843383 786.95861
-103.67295 787.91762
-85.238942 722.07587
-90.769079 750.45125
-98.637305 810.02156
-89.233899 754.62630
-94.625342 764.30138
-103.66708 771.63003
-93.872022 766.51753
-99.923040 793.38655
-98.173151 779.06329
-86.818681 721.90711
-81.840319 703.02891
-81.754942 725.54260
-93.760821 761.39704
-89.821366 744.85002
-86.481442 717.17151
-93.718626 779.89203
-101.05516 763.62763
-86.640999 733.36342
-94.075818 769.32951
-93.775117 764.06982
-103.31334 769.02891
-92.591672 753.79660
-89.293025 732.48633
-98.471917 763.74787
-95.682115 789.94526
-91.687798 753.17960
-87.732880 737.36428
-95.786947 786.70377
-73.271226 679.48405
-88.126872 717.38396
-92.128780 737.80157
-100.37527 758.28458
-103.61436 772.74816
-86.071607 758.62385
-98.119314 767.30506
-87.201997 731.99349
-90.626743 749.70184
-94.945611 743.04233
-82.336952 717.22115
-91.686893 786.71819
-93.239101 728.58316
-94.105824 774.66349
-85.534431 742.21444
-101.33370 757.64273
-81.090310 728.67784
-90.001979 737.77039
-87.733188 767.86593
-95.684296 757.30593
-97.516225 768.73447
-91.080079 750.00723
-106.21476 800.04253
-93.591432 755.99783
-95.962013 799.38356
-80.523703 703.65854
-91.283311 759.97587
13.968925 735.16564
-87.044730 720.52365
-92.255740 746.69305
-94.845966 780.07639
-84.859942 726.61143
-101.04528 796.61038
-85.170928 715.34585
-93.426864 764.08656
-88.786398 754.10971
-99.383189 763.06938
-100.41557 759.75774
-96.825744 755.13092
-90.555490 764.25347
-95.012372 773.35069
-93.129543 779.52463
-104.61648 801.84930
-92.048584 743.73141
-99.395949 780.77552
-92.120705 757.70680
-97.756085 779.40105
-87.457777 728.10691
-94.621349 768.57069
-93.845227 775.55595
-80.161011 812.75766
-81.966922 701.92666
-84.755603 727.51203
-94.584624 757.46124
-88.295959 749.54397
-97.401904 782.30412
-86.289585 731.89764
-94.539743 754.07195
-98.488061 765.11200
-93.589725 771.69790
-71.923036 685.85458
-95.725574 771.88166
-100.23826 788.55592
-101.41088 790.25522
-94.373948 762.69425
-47.965594 742.90577
-89.280816 745.38806
-89.324054 726.21976
-104.05362 832.25528
-89.311104 736.71810
-91.496736 757.55825
-96.002743 740.39743
-102.04586 760.52966
-86.011670 725.72340
-89.276744 753.41457
-98.770928 796.61694
-89.606910 722.19844
-90.856936 742.35650
-81.721280 724.03717
-99.355844 781.03133
-82.282526 725.37799
-100.21905 775.22650
-90.514826 761.17108
-82.741540 715.44095
-95.414242 753.97613
-98.369420 779.27526
-99.277538 764.51399
-81.212155 678.27673
-84.576858 735.15907
-90.477961 769.24771
-98.003390 735.42422
-85.709939 751.02181
-90.855470 755.59460
-95.365163 765.50996
-91.836796 773.24740
-96.299618 730.91229
-85.558830 732.13660
-89.806735 750.24612
-86.871102 735.11107
-100.30303 791.57626
-85.305908 719.21066
-86.256367 753.18400
-94.056866 766.24650
-82.170536 702.73327
-104.88865 776.67632
-84.176338 753.00939
-92.481631 740.76000
-82.366364 718.67547
-103.16289 802.88987
-78.395465 707.61857
-89.788823 753.48095
-74.799160 694.04285
-84.332097 720.79665
-98.456014 782.16147
-89.238816 746.36137
-89.561504 761.70161
-92.624518 763.62392
-94.541553 756.01600
-96.748490 777.86531
-87.526914 744.87097
-94.555830 794.31718
-95.976053 775.70296
-87.772151 765.44156
-78.923094 695.84332
-87.839966 727.04550
-89.904362 738.51470
-92.668247 770.06679
-92.774328 752.29781
-103.02630 782.03974
-99.894879 783.88725
-86.660437 740.18557
-84.915581 731.22647
-77.381527 709.18539
-98.296681 778.16413
-94.886294 762.10314
-93.778562 788.91510
-103.60748 807.05505
-88.884336 780.13830
-108.42423 805.58160
-87.692848 733.80413
-101.35588 808.41890
-91.065400 759.59817
-88.834499 754.81866
-88.742693 756.63358
-97.978485 775.11724
-98.788409 776.17100
-96.521379 781.97968
-90.416596 757.23721
-81.632923 719.72456
-94.183044 768.98794
-102.76619 799.77491
-87.936231 746.53657
-95.377849 779.89152
-89.427973 755.61523
-84.488833 730.56042
-94.462612 758.90408
-85.625597 728.86967
-84.958285 738.57516
-99.287911 768.73204
-99.729488 770.11709
-94.430793 753.56176
-101.02096 775.14734
-82.098611 726.45345
-98.494521 769.45713
-85.829452 722.20985
-88.943811 733.98450
-79.034115 710.03280
-98.849542 771.88596
-88.187536 724.92660
-92.360500 753.38205
-80.847977 712.57926
-90.434201 745.01217
-88.905760 756.62701
-102.72200 793.90406
-90.000025 771.62878
-101.43028 819.95753
-95.628925 790.30808
-97.854740 794.30712
-98.458818 796.12318
-93.088438 739.57116
-85.228988 719.71876
-93.104705 780.34286
-85.151930 718.72786
-98.314459 753.80675
-95.036142 767.76631
-90.463021 756.49013
-103.32128 765.31190
-84.676721 740.52063
-100.48249 750.54442
-97.418344 779.14952
-99.391315 779.13639
-96.209501 754.31933
-86.473388 746.67187
-93.649399 740.82081
-95.305082 762.89291
-87.843012 725.75388
-96.729543 783.02274
-77.435923 681.52986
-87.036479 723.81142
-94.213943 782.31419
-87.710592 756.90015
-96.601817 776.39247
-104.79197 788.70329
-92.973585 788.50874
-99.154018 769.19290
-91.175765 752.65214
-76.787867 688.22253
-80.861973 713.16433
-88.772958 764.41625
-94.259263 758.53880
-84.318177 707.73413
-87.948089 727.87374
-88.095113 738.18631
-89.901211 738.08093
-91.389268 758.81135
-82.112529 733.58617
-96.404945 773.39168
-94.580155 773.15449
-103.47082 766.86188
-94.080720 763.21258
-97.198374 756.76958
-101.13808 772.59974
-79.272827 699.24371
-97.011961 788.91388
-87.171994 743.32397
-87.940406 745.84929
-92.288479 753.38519
-89.832014 754.80381
-90.760885 769.97950
-94.497013 773.74923
-90.560503 754.52952
-87.707920 750.90359
-12.855420 772.46702
-95.804839 793.59527
-99.969729 772.06820
-96.474547 746.54754
-86.173174 738.24793
-90.268460 748.01233
-101.00244 749.33254
-89.254609 750.31982
-97.755566 788.55522
-98.420843 808.02623
-94.170968 752.61971
-88.076637 719.85561
-90.979157 767.58907
-86.607247 748.89778
-98.688330 786.24886
-94.359483 779.41190
-92.987882 726.83038
-86.631813 703.35854
-90.825175 743.34788
-89.127359 745.88988
-85.804937 754.02898
-94.656267 773.05305
-93.942490 757.07579
-92.114311 733.21381
-105.81089 778.65306
-92.091097 752.21511
-87.419120 749.11338
-92.936023 766.71567
-103.62990 774.08372
-86.447240 744.29619
-99.629411 775.80088
-87.683964 739.31090
-100.62129 768.67634
-90.292148 733.38164
-103.79275 757.14139
-83.976090 735.43199
-87.934684 741.39600
-81.640846 713.23329
-88.198979 737.23339
-88.854170 742.93681
-85.357484 745.51364
-92.304266 769.83907
-101.28262 774.02609
-91.591588 738.77697
-94.730662 770.59703
-94.150573 774.41595
-87.478228 751.26731
-93.917327 719.11373
-89.635206 761.26362
-93.832251 777.14888
-92.124659 771.89237
-96.527290 761.97948
-95.924259 753.67477
-85.390174 734.27932
-89.743086 734.79542
-91.767138 709.73286
-92.607511 770.37872
-99.368617 750.45563
-108.35077 771.73520
-94.045501 752.84494
-94.658302 752.61891
-80.148312 710.83203
-106.82107 783.26850
-88.896522 740.02657
-90.455921 742.49039
-101.62512 766.72327
-86.971082 748.88420
-77.563766 699.80406
-97.514493 762.79111
-101.23932 792.22421
-95.994985 762.65976
-84.064453 733.74581
-99.611873 817.61645
-98.566857 759.20792
-98.379675 788.40728
-85.366109 737.87964
-90.329917 737.52137
-81.231777 729.29993
-88.994582 728.33683
-95.187530 764.72277
-100.71527 783.35137
-90.958144 745.34748
-81.106808 718.24246
-83.200885 734.13956
-95.535688 779.12931
-95.751482 777.80375
-98.732682 752.71128
-85.785713 724.38564
-94.951337 774.99470
-86.427960 719.21428
-91.975551 759.82205
-96.748920 778.09922
-49.447948 777.20296
-97.121752 773.48762
-97.674841 739.88921
-87.670609 754.22392
-89.633696 759.88409
-84.711557 701.90682
-87.028204 747.83522
-87.477430 755.45793
-92.125069 730.35066
-97.621499 788.02715
-98.665022 770.93223
-80.153727 791.79463
-98.129630 790.58438
-84.513924 720.86598
-91.091784 747.76377
-97.909172 759.74521
-96.056611 776.27612
-72.921988 800.72150
-91.197663 784.45452
-82.497522 720.52747
-90.691031 753.24299
-91.392993 753.90434
-82.988765 734.38907
-92.599994 752.87806
-95.593471 777.58569
-94.476455 743.97612
-88.374457 731.83745
-89.746701 731.60229
-96.349510 758.31262
-91.279747 769.99066
