-90.674634 709.12657
-88.274766 701.79188
-95.565081 751.57209
-93.268992 719.12895
-112.76118 785.45897
-92.594689 726.61340
-104.65576 734.32553
-95.991366 738.37939
-96.157946 756.02891
-98.263691 767.39847
-103.11007 761.00327
-96.106760 745.62712
-92.486103 743.56449
-94.435036 751.11186
-93.966131 735.92983
-93.163253 736.11985
-93.929722 720.13985
-98.481968 734.99386
-96.950460 737.82068
-91.251783 723.52379
-97.325307 746.31925
-108.87009 768.19023
-100.79118 737.15556
-98.558608 758.25270
-89.840162 710.49815
-91.566819 727.99348
-100.69140 756.90573
-93.532303 699.52860
-103.48684 775.14564
-85.547608 682.83245
-95.410393 733.22263
-90.317647 725.20643
-100.99266 736.02564
-102.84170 740.52298
-99.373504 709.53466
-101.73084 766.12426
-81.469135 672.07194
-90.975577 720.02161
-102.37078 746.26144
-93.100937 720.87928
-94.883568 732.25495
-95.118120 734.48072
-88.603779 716.98734
-93.799045 733.28445
-98.163851 775.09582
-100.60820 756.97356
-93.833481 731.63819
-98.332282 725.43486
-115.73163 787.79913
-95.385703 727.83548
-97.622242 723.93922
-91.521029 705.75060
-96.899874 755.14080
-93.687372 704.92279
-92.563572 740.73427
-101.15338 758.13171
-94.419137 757.44087
-96.221781 724.18898
-96.087024 742.88068
-104.17273 765.48574
-94.769378 756.21447
-101.36581 771.30991
-102.60323 757.10728
-93.831319 735.89100
-109.18301 769.65426
-97.201307 749.23881
-96.835380 715.93500
-101.68375 759.17529
-96.500597 755.47093
-95.857285 746.33778
-99.663581 763.67949
-93.820710 726.20303
-98.375710 750.67290
-81.694002 674.74950
-88.212501 709.89217
-108.27037 776.00397
-97.652459 748.90781
-91.927453 722.44031
-100.56503 746.42077
-95.420295 723.57048
-97.234403 747.18637
-84.355803 709.05065
-99.626587 758.35967
-98.602842 740.99847
-108.85216 749.76094
-93.745475 722.90894
-89.612278 724.60988
-97.484678 746.75580
-97.844858 736.79063
-102.48090 767.75512
-85.965008 697.84453
-91.624764 705.53749
-93.022835 741.06105
-98.731553 743.19960
-94.502459 733.90058
-94.223688 726.36572
-103.12842 743.18963
-97.032187 712.39920
-92.191916 713.88864
-107.09871 760.45268
-97.417391 733.32983
-101.59301 781.48868
-97.408385 758.65274
-106.68282 770.47675
-98.091706 724.97451
-87.825583 679.47104
-92.441337 735.56610
-92.414498 717.96504
-92.082685 703.93178
-86.130884 697.63785
-96.186941 721.40830
-98.207331 744.54712
-95.543757 744.71167
-102.74478 779.22977
-109.10802 801.12187
-94.759256 720.28969
-100.00040 753.68927
-105.57942 783.40678
-88.474026 726.17834
-92.014921 719.77157
-84.982499 701.94291
-97.477491 733.06028
-100.12531 719.99938
-98.755114 741.30259
-92.424596 730.89702
-94.665575 710.06620
-107.23695 782.35585
-95.665528 764.32440
-113.21824 829.74632
-94.425542 725.04464
-92.632546 698.85234
-102.77893 742.66458
-99.528422 733.45387
-108.83718 789.55482
-89.412751 700.78750
-98.902932 754.11980
-93.802285 713.75975
-103.54291 772.38121
-86.147274 715.76132
-87.506144 702.11995
-106.79151 782.92727
-95.388955 717.70262
-104.03497 791.24457
-93.875873 726.85880
-92.484545 724.92179
-87.382581 705.00578
-103.64490 737.92058
-86.516028 699.70388
-97.154653 725.13444
-98.959688 765.73479
-102.93801 761.69843
-108.45306 749.27240
-101.16242 747.61211
-83.344246 701.53774
-87.433301 707.78758
-98.866158 730.05879
-91.112290 719.99781
-91.893154 705.22919
-103.78265 770.05652
-107.00057 771.14515
-95.853264 760.01511
-99.014921 757.87460
-98.203631 767.46113
-94.785019 719.76063
-107.75089 766.85909
-94.432392 751.08280
-101.47355 761.04130
-86.200861 689.51550
-113.15770 759.53617
-91.979360 742.45646
-106.28847 768.73387
-102.54503 768.06865
-98.179996 739.02032
-100.45149 784.29109
-96.987728 748.84689
-111.20904 751.15015
-87.693561 700.21030
-105.01520 742.69506
-96.752071 762.65286
-100.49260 749.99259
-103.62805 786.58144
-105.23601 744.26585
-103.35099 763.51311
-95.489310 731.36701
-107.52956 785.36982
-100.69515 770.05085
-111.70630 793.98455
-95.377965 725.73931
-95.920612 711.27891
-91.340015 722.47657
-108.59014 770.74744
-102.04307 761.72441
-98.920139 757.22390
-92.620580 708.90465
-102.65808 749.08923
-99.803663 759.14012
-104.10977 790.29831
-95.317809 752.02310
-97.228315 726.67921
-104.50224 771.61088
-92.593363 729.46193
-100.52764 764.94538
-107.09258 763.58078
-84.590560 695.34440
-82.268894 689.49209
-90.240967 713.85125
-98.755530 746.71877
-95.261501 732.27075
-92.607732 735.17251
-92.066628 708.92656
-93.068526 720.96873
-98.580898 755.87152
-94.847373 711.73001
-85.854039 695.52178
-85.991990 716.88227
-83.906591 689.13598
-88.689748 705.46262
-96.350730 743.88877
-86.669226 695.87319
-89.671216 726.90513
-103.29552 756.38963
-101.14126 756.04733
-96.696271 748.15950
-108.74899 773.23410
-115.25385 800.22381
-97.914975 741.85382
-101.83272 771.97260
-93.048217 724.97555
-95.031919 721.92852
-83.439870 695.78281
-103.89966 784.96374
-101.85345 765.20511
-96.122980 752.56799
-87.710447 722.33618
-107.64575 775.73859
-91.857630 736.94064
-88.375150 710.15548
-94.962618 723.50970
-94.603834 719.35923
-94.740589 721.32209
-98.576017 757.42727
-97.669782 754.43818
-88.735347 699.75894
-100.04886 747.69158
-85.054673 691.11988
-103.18743 744.13144
-102.09735 756.15047
-105.02073 769.04408
-101.02024 759.90758
-99.930863 742.76506
-104.87121 761.37476
-102.56918 743.23072
-102.78650 759.35299
-97.325690 760.25566
-104.93800 802.54286
-93.210053 712.08322
-85.630337 704.88434
-92.772379 754.62422
-99.608699 746.84750
-98.568300 736.20516
-90.911362 725.86427
-103.92936 754.70415
-89.634511 713.00052
-105.30907 775.60590
-100.13993 770.81639
-97.004171 725.42273
-100.49141 771.07438
-91.915038 722.72372
-91.442673 710.18574
-99.661466 725.68533
-118.79110 784.12649
-102.59770 740.88749
-93.168894 749.94878
-84.093235 712.37990
-103.40092 751.36085
-92.831727 714.38598
-103.96643 752.46237
-91.977068 720.86909
-94.011851 719.61803
-103.59872 739.71643
-95.761541 744.66665
-104.85111 781.59618
-95.978132 733.12935
-99.090145 755.14755
-100.08469 764.58638
-103.76504 726.23874
-95.026774 743.90205
-95.270664 732.60799
-84.584121 698.73133
-88.961082 734.26963
-88.950274 698.02186
-99.633518 766.12160
-95.937656 763.78451
-98.395803 756.71433
-99.852845 739.07336
-83.089270 674.58034
-98.948044 714.92842
-105.64688 769.07159
-97.287328 741.57189
-97.270189 750.15543
-105.05483 757.38508
-98.494542 745.37029
-102.12559 757.42726
-93.858312 714.65154
-96.472756 740.42302
-92.478159 719.23228
-93.429568 725.10244
-92.193953 716.87528
-88.635302 711.30936
-100.45774 764.16360
-101.06660 733.81688
-85.583892 711.89971
-100.36605 745.38779
-105.52617 771.87233
-99.157688 750.15798
-103.29883 754.73065
-92.996348 706.33934
-93.793755 748.52896
-97.108034 715.35122
-97.170795 741.33097
-93.371503 736.19667
-92.359415 700.83797
-104.14347 769.36430
-83.436126 695.83752
-91.067693 686.93837
-95.725142 742.68394
-90.743900 710.87780
-97.139072 732.30013
-107.68110 722.97630
-93.497559 719.38104
-101.84455 758.93789
-98.919611 761.50867
-111.13704 779.16559
-97.941656 739.99898
-88.297530 722.37376
-105.83308 751.54851
-90.202819 706.58487
-106.17485 739.29518
-98.861738 752.82606
-92.767956 725.81758
-98.482525 730.66441
-100.28555 732.86014
-97.929917 738.54811
-98.521361 759.61398
-107.07397 772.69781
-97.918114 783.55194
-98.926865 763.56800
-112.41469 777.50593
-94.255372 729.84490
-108.49644 778.77498
-99.822820 733.48940
-89.271322 692.56354
-90.616433 716.99492
-89.893656 718.54103
-103.81476 741.03725
-103.01132 713.88357
-98.731580 747.31669
-109.03335 795.60260
-115.78419 809.83912
-85.801710 713.10106
-95.390107 725.87509
-89.569201 707.89207
-112.69357 770.09021
-97.395408 738.21689
-96.119375 748.80375
-100.47420 707.84345
-98.852645 756.67851
-104.80883 761.01569
-103.66293 790.96689
-100.72939 743.66156
-94.255024 740.39640
-97.037218 770.50242
-93.591768 742.22747
-103.21107 763.12211
-88.448087 687.31033
-88.714812 721.00610
-109.38548 779.98039
-102.27715 749.62284
-101.66782 753.42159
-93.340670 730.07623
-100.04954 753.80199
-92.763878 746.77698
-94.553374 723.61969
-105.28745 767.46142
-90.686030 719.55646
-89.394004 719.06278
-103.53850 788.49852
-87.011599 713.62222
-102.81024 751.00030
-100.50927 771.66348
-106.79471 779.84411
-83.811881 671.63013
-88.061967 707.70646
-85.146279 670.48314
-111.64626 798.95838
-98.718050 711.58141
-107.70633 767.60159
-99.094156 754.94698
-91.936410 724.94875
-94.774198 751.83993
-98.352390 746.54995
-101.25612 729.40174
-97.523472 753.07369
-91.094996 714.15421
-93.571000 726.88835
-96.856858 746.98200
-100.59076 755.02443
-93.352639 721.74578
-98.830759 747.57280
-89.794277 710.51410
-104.09789 720.31699
-101.89882 769.21629
-87.604067 717.06905
-91.663054 724.31396
-89.845626 704.34495
-96.761957 735.34137
-97.513038 744.84652
-92.683947 735.60349
-88.922367 713.89074
-97.745589 742.82951
-93.496622 742.30037
-95.344790 746.14718
-90.004742 722.76085
-98.812391 749.27836
-95.558041 709.68698
-90.294445 720.58406
-93.755872 711.75578
-90.833631 724.88676
-100.95050 762.04098
-105.30839 771.69106
-97.257699 760.50441
-106.16296 751.19556
-96.122616 703.72787
-92.038621 692.05024
-100.06119 744.85113
-100.96671 719.76806
-108.72318 770.82882
-89.587345 730.39715
-89.105149 701.18879
-102.24418 773.76821
-91.235247 720.82819
-100.33326 762.07680
-100.33109 760.21877
-96.149578 727.17998
-90.682255 729.60326
-109.68154 754.54355
-92.454667 734.42045
-103.32405 776.99973
-94.266282 721.20905
-97.454099 757.01855
-104.57293 751.82947
-92.077880 725.75082
-109.26936 735.81123
-94.430266 730.23230
-93.821492 722.52778
-98.580666 762.80046
-96.464783 746.76269
-98.196400 714.27692
-89.759533 709.44026
-92.896048 737.20294
-96.906364 715.84034
-92.201826 730.23402
-89.101156 688.04328
-100.17877 756.01596
-102.68023 736.03818
-97.953425 732.49146
-88.894331 705.07570
-88.168390 694.86023
-93.589150 734.87645
-101.87906 763.95016
-103.58114 793.94101
-97.955678 743.75382
-96.860619 745.40338
-93.403855 730.94843
-100.59050 769.23917
-113.85673 793.89248
-102.92066 764.89238
-99.769514 764.23713
-98.271132 765.73768
