-105.78372 728.06848
-101.61948 739.06636
-98.488545 707.77176
-113.16038 751.49019
-109.40434 752.28428
-107.16659 752.81623
-98.658340 702.79051
-76.417236 733.63946
-97.694878 726.97391
-107.69226 753.99069
-94.972671 707.16987
-82.752339 662.69770
-109.96745 757.14552
-107.32984 771.51619
-104.75743 738.96528
-105.17383 735.62853
-96.555371 712.24870
-107.42654 762.50717
-99.748452 727.90227
-113.05796 770.17894
-117.27746 759.34787
-101.44570 750.09799
-109.19819 777.25435
-100.85513 737.95657
-102.50200 741.61976
-113.47655 727.60356
-99.309658 746.05954
-103.15916 745.99328
-92.239571 689.65325
-112.38650 759.38300
-113.40895 769.38197
-94.968706 713.85731
-102.86562 738.95048
-100.74952 722.39443
-102.25143 740.41302
-96.782681 715.24762
-109.88155 764.81467
-114.59815 741.78410
-106.51991 759.16432
-92.495122 691.45009
-93.967261 710.71849
-108.25628 760.60013
-101.51813 726.68255
-106.06436 737.70114
-122.87999 787.96037
-106.43145 721.67390
-101.44748 714.47949
-104.53054 750.75248
-94.421250 701.14735
-105.97386 746.82908
-112.20460 757.26057
-106.12253 737.24865
-103.79973 751.64875
-110.47385 736.41716
-98.098594 704.10709
-108.80299 751.40685
-109.53829 760.70100
-104.18963 730.71078
-92.267735 696.77218
-100.12562 734.48870
-106.09052 721.20754
-97.757110 715.80636
-96.925523 689.94248
-101.73524 702.61391
-99.862876 706.69037
-101.37391 729.52162
-109.68937 738.82754
-104.71974 739.92793
-101.04314 732.23512
-95.547227 687.59046
-106.14139 718.60775
-94.197715 699.61368
-101.95672 715.57357
-97.720181 716.99225
-103.42983 727.84998
-94.717080 690.11232
-101.92054 726.47481
-93.928374 674.54498
-116.51974 773.60410
-98.013941 727.78058
-100.53161 726.58121
-114.68156 751.56904
-93.479502 693.10039
-108.45929 765.73205
-99.773609 710.13529
-103.73436 741.58217
-105.52330 760.60460
-104.05395 736.99942
-104.83278 746.16725
-100.08718 724.77387
-104.19001 749.10438
-104.40031 752.69270
-110.70773 738.85329
-94.733633 698.32349
-107.91793 768.47662
-105.69355 782.28581
-98.582437 697.44499
-106.25901 751.20794
-104.57621 732.75411
-106.54083 739.52026
-99.761094 733.15492
-101.60565 744.47900
-121.52427 767.08897
-100.44347 727.17771
-114.26830 766.75450
-107.51978 713.54171
-112.46093 744.05195
-100.67120 708.25022
-112.04535 753.46245
-100.87923 704.94190
-101.65541 727.69407
-100.95025 721.61932
99.289028 729.70476
-114.04715 756.09289
-103.07187 741.10668
-97.823072 724.09053
-108.95633 724.72494
352.27969 740.59026
-103.58038 745.38693
-112.91457 786.18464
-100.92516 721.30165
-100.23229 717.12074
-96.711475 723.09388
-96.759912 692.51431
-101.01945 716.15950
-88.417217 677.42598
-88.155503 662.93089
-108.64500 751.77870
-125.02426 775.09612
-120.03543 780.42609
-109.80738 749.06505
-101.07539 726.77995
-97.415581 703.18387
-109.94180 735.95947
-108.38213 740.28122
-106.96600 723.85409
-116.28211 747.34071
-106.15649 739.36136
-89.814522 676.27989
-92.008579 707.41491
-98.160909 711.02286
-110.86000 770.33128
-106.28424 740.69171
-112.55490 779.42483
-119.56127 798.62466
-111.72570 770.32715
-95.321885 695.22932
-109.36122 722.10500
-117.43865 761.98673
-113.30055 744.14540
-115.58318 753.76798
-105.49707 750.14682
-106.78840 730.12593
-97.382085 713.76046
-110.98069 712.88616
-104.21942 738.02926
-95.236924 703.30000
-105.64216 698.13549
-94.926675 688.10832
-97.361611 712.53810
-105.83225 751.42727
-90.233999 685.18137
-108.68675 764.55894
-99.278272 720.55357
-101.15907 724.40434
-100.53916 769.91127
-93.919321 707.53725
-105.38078 760.12822
-102.87966 724.18012
-100.85471 702.40102
-95.450679 715.85092
-101.64135 731.85977
-97.668408 690.11021
-103.76670 727.91875
-98.187456 711.73597
-102.11450 722.81607
-108.83940 742.89183
-118.27842 774.85393
-105.15738 753.12459
-96.020528 716.35276
-104.64782 742.28678
-114.36780 742.91118
-94.049009 701.25509
-104.17542 726.86746
-107.51190 749.72741
-91.909790 687.11929
-106.01172 740.92956
-107.20851 712.14839
-112.60144 740.24105
-102.94027 747.06360
-98.963316 724.16433
-106.32093 739.86187
-104.10646 756.50078
-104.40165 722.03688
-107.86894 772.11699
-108.10185 748.59587
-119.81303 773.86531
-102.95917 726.37768
-105.02725 738.16440
-108.24903 766.23049
-12.126963 779.74528
-95.311905 713.53007
-105.26502 729.17091
-104.25042 704.84805
-112.40638 763.55391
-102.12271 707.86432
-118.47213 777.51459
-96.818941 738.46826
-111.36454 744.97875
-103.39350 739.06929
-100.60157 728.62246
-112.58813 761.13226
-91.442954 695.58783
-96.084243 721.98133
-111.59324 757.80629
-113.23800 735.20822
-103.22621 729.26973
-103.14556 712.43680
-99.621231 711.67027
-99.712217 721.88781
-106.11277 750.67479
-101.30099 727.65771
-105.87083 750.97417
-102.34123 718.02156
-96.113916 688.35269
-100.52624 734.90497
-111.80696 714.41072
-109.85861 763.36731
-102.52356 745.41409
-100.20493 701.19781
-94.176280 705.72612
-121.39187 815.49896
-110.33875 757.72787
-99.128662 709.45550
-94.270147 693.64373
-127.10818 834.83773
-100.91505 716.16194
-97.896958 735.12101
-107.50630 768.14051
-103.12858 728.75231
-106.45146 751.02297
-92.124927 705.25828
-104.84888 758.80596
-105.44593 722.55645
-109.98995 757.56123
-101.01185 733.81038
-101.41611 735.90673
-113.73500 786.49620
-94.601177 698.01774
-109.79530 777.58451
-97.561397 712.58246
-89.765225 695.54196
-93.256851 703.41914
-108.90459 736.66398
-113.50431 777.54262
-103.90801 744.66364
-107.64542 736.94328
-102.81333 753.66109
-106.50573 732.98429
-97.977339 730.11088
-100.52527 716.67233
-103.92961 727.41328
-118.79799 768.88304
-105.09064 708.62786
-89.384785 715.63059
-104.45046 697.03360
-95.598506 685.08185
-101.04577 738.91864
-94.993491 696.39453
-109.65503 755.02071
-109.53695 728.94046
-98.371856 712.78793
-97.792017 696.55847
-99.188135 712.42227
-107.57481 756.54194
-101.12091 690.27649
-87.801704 680.21773
-103.83695 710.61861
-93.558550 700.62452
-98.324409 694.15187
-112.17801 746.75036
-93.848526 702.59867
-99.739444 728.18029
-98.820108 698.89784
-108.93942 755.72516
-111.90238 784.07869
-98.246968 703.17695
-86.195034 680.67236
-111.99378 776.62386
-97.759590 716.84502
-96.565117 708.43793
-107.68849 746.81963
-106.36184 735.68347
-117.07372 769.01701
-115.84955 748.97232
-105.73785 744.04657
-97.555757 719.87219
-105.15537 747.09072
-100.63230 724.07909
-96.002783 699.32650
-104.73977 733.08823
-108.48355 730.86258
-99.376968 699.64167
-95.396460 692.88781
-96.094912 729.01842
-103.72877 738.66673
-125.94771 790.11234
-103.19276 688.08134
-95.560030 719.71298
-93.506279 700.63196
-99.164942 715.98935
-90.019405 679.00104
-98.098833 709.75813
-100.43134 717.22936
-94.444897 714.21327
-100.56740 710.79048
-91.345811 680.38484
-106.75739 755.40685
-92.153311 694.62055
-94.881358 689.46172
-100.61463 718.85817
-99.474014 718.65263
-94.721743 713.50509
-111.40967 771.96215
-107.32485 765.72391
-103.34024 735.74792
-107.43099 747.82700
-97.154317 707.47459
-99.917085 718.55029
-93.784097 707.84294
-97.640029 709.99296
-94.579292 706.47219
-102.53263 719.31313
-99.546123 720.48396
-109.29712 747.15890
-102.24995 700.89415
-98.711162 720.05781
-114.69961 753.66259
-103.39604 724.02488
-89.141304 672.64968
-100.26173 719.15202
-94.385552 705.61875
-105.39602 729.15112
-108.49761 736.10743
-104.10526 732.91588
-102.02484 744.69937
-105.41672 720.94890
-94.908726 691.76055
-104.26985 723.74287
-102.83511 737.02091
-107.30202 738.19633
-119.85350 771.60573
-94.684087 702.95864
-115.29332 778.45155
-106.79176 737.60462
-115.36550 740.33600
-95.618926 701.17868
-103.54418 742.64659
-104.09439 740.72720
-96.915464 710.92581
-97.280181 706.41601
-96.280850 691.00998
-94.380034 692.81378
-100.23503 727.73746
-107.91595 721.69409
-105.54460 723.70121
-103.20268 728.20027
-92.300533 680.86649
-98.039116 712.82071
-99.327876 716.27493
-107.48141 742.44403
-97.045918 733.21702
-103.04118 748.54066
-106.49965 729.47544
-107.17256 740.13215
-101.28275 721.05877
-110.34230 750.58198
-101.32213 724.57569
-108.68047 745.69807
-90.258970 680.06381
-105.03700 737.13417
2149.7219 740.22653
-104.33203 725.41843
-113.40748 780.26231
-99.395249 709.54991
-104.79660 746.07986
-103.45469 731.62490
-104.12629 750.19219
-120.61550 775.52677
-95.432481 689.83033
-107.11978 750.88079
-106.70547 703.56625
-103.19510 723.46481
-104.95479 741.60786
-107.77532 722.01072
-98.532920 725.94065
-105.89761 719.33682
-103.97873 729.71118
-113.48384 791.96961
-101.78778 711.90771
-107.92019 738.76761
-104.07783 717.56254
-99.257905 725.33141
-104.64273 737.75033
-95.130274 709.56418
-104.66753 717.94398
-104.13342 751.14456
-98.795181 716.20191
-103.92648 707.91052
-112.36244 752.34214
-94.681187 702.64788
-101.76297 721.19467
-105.65459 752.87822
-113.47271 744.63065
-100.93112 716.81549
-111.40098 778.22902
-106.32853 736.78716
-111.20458 745.78998
-90.613487 686.48655
-113.78402 768.29700
-111.76877 748.00124
-103.16473 738.94623
-105.75120 736.99334
-81.193897 651.97535
-110.02903 735.87749
-101.94044 716.81059
-97.697373 715.42671
-114.60367 725.20846
-98.990020 729.33114
-113.22644 712.65133
-98.625313 721.40178
-102.05519 732.41093
-102.72203 743.50819
-110.51748 708.39081
-96.808164 716.71014
-112.00418 745.32580
-97.583750 727.98326
-99.634360 714.45819
-101.49547 718.77433
-91.683184 682.04313
-103.47538 721.80873
-100.27616 745.41737
-101.20619 717.72874
-98.181460 734.57729
-109.81473 726.70104
-99.105401 716.70300
-108.44570 734.72458
-102.95727 729.24063
-106.15259 737.19561
-95.140181 695.56639
-98.188130 723.47815
-114.30330 747.15870
-102.40662 730.29369
-105.46828 734.24265
-98.020576 710.82665
-120.16535 767.01921
-105.90002 732.22253
-105.66083 742.79650
-87.217066 697.42133
-122.13561 777.27088
-106.35635 758.42343
-102.88113 717.12826
-107.39113 747.26264
-104.13877 745.35710
-84.119971 653.43416
-108.58710 746.50258
-106.20296 738.78697
-92.325235 700.32894
-99.479190 714.06701
-103.54626 740.66092
-107.81375 729.37497
-108.81526 780.37153
-96.201724 716.03451
-105.22957 732.64662
-115.73950 741.61490
-102.82478 729.39052
-114.52741 754.04979
