-119.35574 765.05627
-115.58670 743.54229
-108.28802 692.03382
-111.97111 726.47801
96.973969 739.81741
-121.60628 760.97324
-111.25780 719.05393
-124.29034 759.10312
-110.78118 734.64237
-105.85428 718.57204
-95.539886 687.87582
-97.036005 673.22287
-86.273262 653.36556
-113.44301 753.20158
-110.40354 697.16799
-116.52588 719.37551
-100.76569 695.69527
-111.82207 704.98231
-103.98050 708.52047
-97.415554 693.61554
-108.78454 724.57374
-104.48074 704.10754
-106.85314 722.47337
-101.53522 701.59911
-107.39535 736.72040
-103.80519 704.47694
-109.84734 724.46768
-118.94957 725.67781
-106.83720 700.16261
-105.91815 702.88552
-105.80519 720.83979
-107.83379 709.43483
-96.311209 668.43216
-116.25362 757.58271
-108.71207 691.02911
-112.15262 736.33895
-104.58392 689.26969
-104.30719 690.76208
-107.56637 708.91153
-103.42014 709.84279
-112.61407 747.73917
-102.59133 718.59724
-111.56692 714.91452
-106.88506 710.23163
-110.39194 720.40148
-115.48321 734.87192
-110.31243 724.48456
-90.983651 650.78905
-98.903373 674.76148
-104.05683 727.36770
-111.62245 740.39378
-118.69665 756.22422
-104.98265 718.09007
-110.69877 717.59254
-97.976995 683.36181
-116.82864 760.61291
-101.02023 690.49542
-111.94743 718.80257
-102.67150 699.86048
-118.00566 716.41367
-119.58447 727.72556
-99.190889 691.26943
-102.17620 693.97748
-118.08178 748.27729
-97.476165 679.93588
-100.28416 695.09844
-114.76977 733.10452
-103.37090 711.99439
-115.41706 724.56831
-101.19775 682.11222
-100.49677 699.79403
-97.474782 694.18397
-102.99588 681.92071
-107.03232 708.54122
-102.47792 702.64125
-112.00554 742.35172
-108.94526 751.50981
-96.739188 676.45728
-100.16845 703.23017
-109.41889 716.55593
-113.49931 727.69377
-97.617821 684.96738
-115.50281 733.18468
-99.905328 694.63342
-101.93583 699.62211
-104.18767 699.12653
-118.75544 722.25224
-106.09025 698.63341
-118.30521 748.37652
-110.59890 723.67313
-103.75699 718.50109
-102.09966 690.03440
-105.66016 702.31816
-112.16074 743.25734
-99.899746 705.88974
-116.98748 762.10901
-107.32178 737.49426
-121.77725 747.71732
-112.64155 735.61949
-90.452592 676.66926
-107.95663 715.19336
-103.35713 691.78493
-109.63281 724.77637
-112.35029 740.04100
-122.60631 757.92799
-104.16598 702.70279
-107.02485 720.30873
-117.46170 736.66791
-101.24931 689.02009
-102.33275 681.94706
-110.93029 729.31028
-102.47081 692.88600
-107.40371 727.95041
-103.60146 685.88584
-108.15393 726.51229
-108.65973 726.93490
-113.14031 738.13984
-120.22002 755.93409
-99.589326 678.38903
-117.08052 736.82924
-106.27432 711.91950
-105.24297 699.53607
-103.07285 695.98213
-119.14425 733.77564
-123.99774 757.61477
-114.19083 727.44494
-115.40773 763.11500
-107.16301 720.78709
-118.57925 769.68204
-115.00910 735.33709
-103.97105 702.19185
-112.52819 754.06601
-103.87924 698.75363
-102.37624 694.91254
-113.57419 718.04895
-121.29583 755.71671
-112.95178 722.41413
-115.61776 744.55936
-108.71138 743.67545
-108.06121 693.72452
-114.85744 726.88850
-108.12292 719.67489
-116.31981 705.57505
-102.15286 701.82168
-102.87652 703.13471
-122.50766 742.33136
-119.33257 725.19968
-97.471310 673.63171
-107.79633 716.37444
-126.91493 759.55318
-117.01088 725.16358
-109.86636 725.83756
-109.43912 741.72786
-103.85328 713.78434
-110.82682 730.06688
-101.64582 706.87184
-107.52336 728.72669
-97.740923 690.24802
-104.72227 709.09477
-105.30517 715.84433
-118.63001 759.84477
-123.13309 785.58730
-113.95585 743.18340
-111.33048 724.43590
-109.07540 710.22678
-113.06077 743.57448
-104.78946 698.37921
-105.93573 720.11572
-113.23805 721.15226
-103.16146 697.36295
504.33946 770.86255
-113.16832 719.32465
-115.09578 752.97525
-112.46029 731.19205
-129.58247 762.09670
-110.74460 717.05779
-116.14938 741.84937
-112.74841 740.75097
-108.51417 750.85982
-118.19687 758.45724
-112.79256 741.50577
-110.01649 702.44432
-109.30960 710.80548
-125.63567 802.74000
-100.15689 694.39236
-107.14821 696.28966
-79.618848 718.29323
-96.984469 694.61688
-106.78504 703.73665
-98.435488 692.22674
-113.27396 696.37493
-106.02544 702.88615
-117.55133 742.38186
-113.46532 738.79991
-110.65772 740.21307
-108.17739 709.66739
-125.55224 759.48603
-102.28689 709.06754
-101.05005 701.05377
-95.953774 675.42037
-110.49174 717.97792
-105.67057 722.72948
-113.36122 741.25233
-107.49200 716.43707
-108.64276 711.90551
-115.82001 722.49840
-112.36708 708.84880
-102.55697 691.76087
-110.88269 740.05392
-103.67195 702.09462
-113.99876 729.00126
-107.73803 756.82883
-106.29347 685.19710
-113.03780 717.85862
-102.66979 721.29245
-104.22603 718.70734
-106.91316 716.24616
-127.36148 799.48736
-105.82756 724.99571
-119.78034 720.16655
-94.680386 664.40887
-100.54509 705.89570
-110.13766 735.02234
-114.49263 734.15751
-120.09280 724.77044
-105.36670 704.91696
-124.38132 760.55187
-110.89436 723.99120
-129.04901 766.83844
-106.84140 708.59097
-108.66327 711.09691
-108.33520 711.43515
-105.87578 715.75526
-114.87858 752.21559
-112.64259 745.83660
-99.217661 692.05446
-114.98766 750.41025
-110.46125 751.57417
-113.12129 732.91298
-112.02278 726.64992
-103.08379 702.25663
-116.75011 741.09172
-117.46070 751.26851
-99.654031 693.57927
-111.08505 733.34045
-104.31412 702.99902
-102.93058 716.47496
-108.43420 704.91779
-107.40869 704.68203
-112.02524 733.30392
-88.799486 650.40800
-112.61343 735.94559
-91.182714 654.23574
-113.92600 740.38652
-108.83988 736.72894
-120.03724 744.88305
-114.84636 708.09416
62.288698 734.77865
-100.56237 702.08294
-104.39289 707.65725
-98.540614 687.65543
-98.628502 701.98648
-106.74043 722.13097
-112.35452 698.65283
-103.32855 725.67074
-130.13157 787.10478
-91.648582 644.22486
-111.26125 728.93931
-100.90040 679.07934
-106.70416 680.97906
-107.57134 703.18225
-101.16949 693.81485
-111.45684 726.97233
-122.08198 753.01838
-105.43985 707.85458
-104.55508 697.47355
-108.31780 695.82599
-97.687827 669.84156
-118.33515 752.56188
-122.95520 746.11712
-105.70815 708.66214
-103.19042 690.75870
-107.27605 719.86112
-108.07587 716.64910
-113.92935 741.52426
-103.51410 717.19693
-111.20371 739.38820
-103.63154 695.91610
-105.07170 711.50249
-101.23806 692.93000
-105.28630 711.30872
-109.33936 711.25365
-102.59799 692.89221
-120.68853 749.91657
-106.18626 710.19765
-117.82451 727.20225
-92.840828 678.09414
-114.23535 736.38577
-120.57475 749.73116
-104.37988 712.93393
-118.53749 746.64802
-109.99937 738.63622
-93.114380 667.28472
-96.565477 676.20939
-115.84191 701.81476
-112.46908 708.41074
-109.91964 707.40241
-110.48463 728.99461
-111.73139 748.77132
-109.12166 722.12845
-113.15015 756.87341
-116.85012 728.51361
-109.20885 714.76289
-107.23258 735.91057
-115.55573 732.61956
-105.74035 699.76239
-93.929337 675.31239
-107.87744 697.82540
-98.486332 690.68999
-103.54052 688.60187
-97.351759 682.88044
-105.03291 683.51683
-102.40895 670.44957
-111.24237 729.10842
-105.90888 718.51521
-110.89123 739.92844
-99.155530 689.29603
-99.107889 684.14207
-112.88800 720.86688
-121.04130 746.64916
-107.34605 719.14399
-99.933110 699.02254
-97.976773 699.18554
-124.07430 791.37736
-118.17749 750.90579
-99.838831 685.84448
-103.26844 681.70778
-104.76603 694.84929
-114.73501 742.26401
-120.40718 731.54628
-121.08550 752.43232
-117.93587 750.30711
-110.12108 732.32090
-122.75098 767.16323
-103.78927 715.97418
-104.45516 680.75522
-94.808163 679.86716
-113.87888 730.34447
-105.68375 713.64129
-111.80997 720.13472
-110.08357 703.67082
-117.93808 764.03177
-113.25485 721.63559
-123.31111 741.62806
-100.99070 693.18288
-104.44720 699.63473
-119.70114 730.44888
-106.91084 708.10823
-112.18359 724.64756
-110.48736 738.61453
-113.43074 745.13585
-108.08533 706.17043
-124.21773 743.74003
-92.264832 670.47091
-122.09007 779.41734
-103.80612 689.79299
-99.413687 705.95002
-109.16298 710.02732
-125.62709 752.01887
-97.068417 673.59912
-90.737184 655.83093
-102.67816 718.69302
-116.43007 752.08171
-128.60929 756.01894
-96.251902 680.90767
-104.16432 719.80293
-98.418364 674.42209
-103.29099 741.57449
-117.33742 783.05665
-98.095020 689.14487
-110.23214 728.03412
-115.24804 728.81592
-103.24107 713.87849
-104.33236 699.67071
-110.38304 738.33473
-120.52011 738.89660
-109.88238 714.43115
-94.982901 662.31193
-118.09252 755.24195
-113.16537 736.71866
-106.49133 724.93252
-113.56513 750.43197
-118.42831 753.26510
-115.62963 737.73084
-112.14624 732.07290
-106.59728 705.19282
-98.592050 661.18929
-119.38426 762.48161
-126.84390 806.24422
-101.32087 698.82936
-114.60891 727.04874
-106.17688 704.59505
-109.40130 717.62626
-101.98653 709.48497
-107.47379 732.65413
-99.851323 696.72179
-106.08454 710.48931
-114.37565 747.42756
-114.41917 747.14292
-111.44396 712.92929
-116.15165 728.16325
-118.74576 756.65374
-86.767771 646.19456
-106.16919 709.03484
-115.11868 736.05230
-111.84017 718.16511
-112.88573 704.97675
-106.67251 693.70328
-113.36748 699.97053
-99.653181 682.45945
-97.595574 675.21591
-111.83512 725.93755
-105.10329 731.76496
-103.05089 685.59559
-104.64529 709.49517
-108.87594 739.12927
-110.46465 708.52591
-105.52390 712.62646
-114.60218 734.30369
-103.77885 704.57558
-126.24276 763.23081
-115.86866 748.07674
-116.20882 731.49973
-109.03749 737.74354
-118.57729 738.02702
-104.07129 704.92336
-99.073009 682.20021
-106.52746 737.12226
-100.69083 696.47237
-106.22788 715.27840
-112.67364 750.44269
-101.04890 687.57185
-116.37096 729.46940
-97.673633 690.34827
-115.32692 736.26008
-119.07817 750.97242
-106.52405 715.60394
-107.46659 707.14491
-100.09286 703.73175
-106.48651 724.02551
-109.03112 706.33857
-101.92812 705.72877
-108.61612 713.51544
-126.52040 767.70744
-122.75273 745.32822
-121.81394 760.10237
-113.76766 731.02918
-107.36250 712.56508
-113.95640 710.26924
-115.42481 727.80804
-112.96358 724.15559
-118.12522 725.22872
-96.688219 686.29231
-118.44141 739.63201
-106.47400 743.67254
-98.762628 695.79157
-106.87664 712.31788
-102.02108 702.40662
-102.98705 715.52830
-108.20975 724.28732
-103.10792 700.86891
-126.62492 746.90599
-105.09409 698.48553
-101.43923 695.39108
-106.76389 697.51295
-102.78433 692.80496
-107.85719 707.24064
-105.39798 710.49548
-108.65603 723.96139
-113.06927 736.44531
-118.79670 756.61918
-105.72481 697.05274
-115.84760 731.16457
-114.05184 743.98904
-108.28619 733.03619
-100.39681 678.51780
-108.64398 714.10400
-109.99679 725.07880
-112.41655 733.72926
-100.31688 702.03129
-113.07317 752.04831
-113.38253 725.79483
-118.99935 730.90231
-96.419457 686.84177
-111.52261 711.59203
-99.994687 704.74341
-104.61315 696.14166
-107.97662 727.32816
-112.38738 752.46241
-106.17885 718.25538
-109.07307 699.40535
