-108.54063 690.19444
-121.63599 718.98025
81.910013 673.05988
-103.20015 671.35090
-109.26785 701.73960
-111.60311 686.97257
-107.61646 698.18670
-109.47778 694.63943
-111.26471 698.51678
-113.64253 720.23350
-108.96079 701.58621
-119.04990 741.82744
-111.59369 729.54153
-107.95771 681.33327
-108.60274 691.56736
-107.29477 682.23550
-112.25581 696.67672
-125.05708 753.73011
-126.12201 732.38174
-110.69941 703.56841
-125.27674 773.55855
-115.96030 717.84206
-115.72169 741.36851
-114.72186 722.76159
-117.85072 720.73552
-116.68331 736.90656
-104.77844 666.15744
-102.33644 672.00429
-117.39119 723.20332
-121.81684 682.09676
-117.67456 713.87003
-101.70268 679.49086
-120.58097 728.67348
-127.43370 745.64140
-109.53238 697.09982
-117.20337 721.91692
-117.63712 737.70608
-111.60721 701.48654
-120.16300 735.68880
-115.82470 700.69245
-115.29402 711.67167
-127.21844 707.38113
-117.12239 718.83329
-104.76641 661.51172
-116.55835 713.90915
-109.68757 697.03578
-125.31439 753.38254
-115.34588 696.22895
-120.72703 704.40287
-130.91918 749.46519
-105.79825 689.25045
-132.60671 777.26355
-120.79484 729.28450
-119.72273 713.93663
-118.30367 714.61222
-116.19747 718.78983
-127.18318 724.22316
-112.93257 687.90525
-109.72910 700.02581
-114.69476 707.35134
-110.43577 706.89989
-111.73081 678.20183
-107.30524 685.58727
-113.82962 714.26044
-122.72011 749.83726
-129.87624 783.31605
-112.42296 688.51209
-104.22616 681.97406
-108.72121 700.51969
-110.77113 708.72292
-115.68905 712.37826
-121.79542 749.75612
-96.506713 645.00973
-114.71064 723.73833
-111.25953 716.51491
-122.80476 736.16883
-119.24073 718.56673
-119.91689 690.01209
-109.61281 704.33512
-117.17756 732.96523
-117.15774 721.08286
-104.82372 673.89991
-112.41585 691.91629
-113.46037 700.71797
-108.38661 680.35353
-113.98099 701.06903
-122.06636 733.12257
-130.23834 751.33078
-115.10004 698.69683
-118.29841 727.74141
-129.40733 720.73216
-107.06247 666.11841
-100.88877 667.99877
-105.29929 681.82198
-130.09837 774.55891
-117.49339 695.66649
-118.64765 714.15684
-115.15311 709.27236
-119.27323 734.52950
-103.48635 672.99790
-119.05697 717.25605
-110.07526 695.90273
-112.90879 715.84300
-113.43296 715.28377
-120.41681 715.56588
-111.99511 695.94702
-112.66388 709.32268
-119.69305 731.01257
-102.71882 675.19756
-113.24110 703.66853
-104.74522 680.46031
-116.46568 695.85301
-121.72150 707.49676
-104.66221 664.26008
-120.18587 734.91551
-121.11471 702.58591
-119.36075 726.53017
-120.53282 727.73851
-91.725886 636.74384
-125.19567 740.05319
-116.29286 716.03876
-111.17443 705.86744
-106.81038 685.83214
-129.52212 751.75632
-119.63001 719.78743
-110.13238 683.82471
-113.76298 708.39494
-126.73565 739.76080
-122.02301 744.33309
-132.90875 761.81454
-111.12925 692.78100
-117.24376 704.13206
-126.35600 746.87894
-124.78966 751.71119
-107.59513 694.04995
-117.16294 722.57844
-113.65170 695.14828
-117.29008 728.78023
-116.19237 726.25229
-112.39099 707.11392
-112.34110 686.00945
-111.31132 700.86436
-114.98964 711.43040
-130.88268 742.71421
-110.66493 703.10700
-111.54699 701.35483
-128.06001 751.30656
-121.29929 727.29668
-107.18988 678.97617
-114.81143 705.17807
-119.41124 710.97672
-108.55937 701.62703
-115.54946 719.56366
-124.35365 709.54994
-108.78774 697.99311
-110.66446 711.04003
-131.68314 729.38359
-128.65299 708.87419
-108.38182 692.44517
-111.38712 700.98888
-126.79492 737.27417
-118.82898 719.26009
-114.01000 697.85670
-105.06628 689.90179
-115.32083 710.69173
-100.00217 661.38531
-116.26641 701.61289
-120.24664 715.90830
-118.67012 715.88243
-106.40317 680.37801
-109.04910 682.47565
-108.25248 680.16893
-113.09216 707.46966
-115.50402 721.80506
-111.33157 692.90619
-113.70023 675.30010
-102.42763 672.35657
-102.76583 676.17999
-111.37445 694.54709
-127.75114 714.47199
-118.09153 689.88243
-118.98784 718.99973
-126.64185 734.79210
-114.80923 705.90851
-107.66122 682.60367
-106.73030 685.30848
-103.71601 663.62972
-111.04165 710.57688
-111.75395 723.21642
-106.42553 668.16086
-108.04193 673.61545
-108.04582 699.62157
-105.26350 682.88963
-133.66259 732.13663
-117.00965 722.35095
-123.85863 754.14070
-100.28058 672.84292
-127.49024 731.36294
-113.07269 687.68478
-117.60911 670.48757
-122.04287 763.47342
-110.81401 691.32933
-105.01244 662.09232
-113.27388 694.98094
-117.92776 727.58218
-112.87171 705.45778
-119.29466 729.01020
-119.59129 742.85524
-106.06838 687.15149
-115.94414 709.42137
-123.88009 734.48645
-102.70062 683.91555
-111.86301 682.62280
-115.66953 710.60534
-116.69535 711.21785
-110.06086 700.79106
-119.66424 724.54028
-130.30508 736.85654
-104.99615 676.09717
-119.90128 715.98885
-104.78011 675.88978
-112.88845 721.40091
-112.30003 707.99864
-104.29024 692.47849
-133.16349 762.60063
-123.80888 747.68092
-127.94993 737.50633
-111.16232 699.41955
-122.01604 737.52781
-113.38490 710.76021
-104.45285 676.46554
-116.34311 732.96459
-123.90401 717.91075
-102.38158 648.41492
-101.68462 684.01712
-118.63635 719.34509
-106.43337 672.76145
-113.86308 680.49590
-119.99928 746.20405
-112.28750 712.99732
-115.75063 669.32676
-129.42474 778.07248
-104.81414 667.51972
-116.41523 731.45751
-104.25539 682.58967
-120.60026 733.52007
-117.12658 733.46604
-117.25623 742.92132
-123.03251 736.27947
-107.46063 672.39935
-119.76724 724.22153
-118.99966 722.74451
-115.39811 716.31795
-120.02974 728.68537
-108.60923 700.80012
-119.47499 741.06453
-109.70079 699.95780
-112.90072 687.70041
-120.89989 719.70958
-110.17724 703.29688
-121.78960 735.90870
-110.82421 708.14710
-118.23249 715.03264
-121.73918 739.04112
-125.87629 732.22014
-97.938516 644.48256
-114.57176 698.40025
-100.18184 661.00041
-119.58242 702.62192
-119.51859 729.11324
-114.68037 712.97338
-103.02927 688.91436
-104.65295 690.61246
-111.96810 697.07801
-107.91109 702.65394
-115.69123 716.64083
-116.82556 695.84072
-100.79310 679.58946
-120.24016 737.28120
-117.39975 707.06832
-111.69867 694.87188
-127.23808 745.12919
-121.15566 713.56126
-121.97882 710.86288
-103.19681 656.67156
-128.45956 747.16470
-114.20781 716.34691
-114.38978 696.27464
-126.81385 757.41502
-115.41347 707.66782
-116.02263 719.07520
-124.12769 735.35809
-108.92073 655.36518
-121.89051 744.88845
-111.89439 730.76600
-116.60587 731.76360
-105.11346 657.57016
-123.14638 726.88959
-113.58097 724.09581
-111.18153 700.65468
-111.21330 686.78877
-131.91595 723.28223
-102.80225 664.44863
-105.35436 673.35938
-102.33603 666.61690
-101.81918 652.93756
-107.99349 694.83146
-127.17019 724.99088
-110.27482 689.52376
-123.22441 753.25218
-122.73265 718.56183
-117.56520 725.83866
-108.83569 682.65594
-108.85970 689.75736
-114.67396 722.34288
-121.00046 743.39172
-117.15977 718.55348
-122.56203 718.36000
-115.76213 721.28404
-113.74204 695.20584
-119.05823 678.55740
-104.31951 661.32346
-114.29501 730.28829
-123.35467 715.11072
-120.69672 705.53744
-121.72416 736.27990
-128.84547 770.14567
-105.57927 689.02616
-110.30161 682.57577
-123.25701 717.14347
-121.10535 722.53750
-112.47267 701.09074
-115.71176 731.51553
-120.86765 724.67300
-113.18404 691.12272
-113.62565 707.34218
-114.15610 686.23187
-112.20070 717.11903
-111.12216 707.63870
-106.22295 698.74640
-114.36811 700.39461
-124.00648 727.72011
-115.88888 712.38314
-109.26352 688.43927
-123.53413 749.65667
-127.38893 739.10060
-114.26914 709.29110
-114.96095 723.07963
-110.24462 706.72794
-123.29085 718.61167
-127.29074 724.62212
-117.64618 716.09765
-116.69843 719.14461
-121.44290 736.36569
-122.98870 742.92075
-107.44521 671.80326
-119.87234 706.17432
-99.595598 641.79041
-105.60922 703.00088
-121.00794 696.60870
-107.89153 681.03126
-105.20024 669.62168
-98.398551 648.29377
-102.45229 676.43186
-125.42710 736.43206
-110.00171 697.53582
-120.31115 687.18100
-105.37666 687.74977
-113.25595 716.19702
-139.35405 782.15483
-128.21436 753.25594
-108.92880 700.36746
-112.99125 714.27068
-113.83764 707.08170
-109.33272 691.82212
-93.806519 660.66949
-103.09878 681.38470
-112.60838 704.97560
-113.05757 704.16889
-105.70197 668.97475
-114.83990 715.24802
-126.08247 700.85917
-114.88196 698.91097
-106.18353 671.15869
-106.99630 690.29547
-115.88988 686.18101
-110.55164 703.23107
-111.54544 694.65337
-117.66075 745.06938
-101.80902 663.35846
-101.69591 658.01728
-114.26645 710.96228
-109.24606 686.23865
-120.86162 756.54548
-122.39136 684.58474
-123.18375 774.18460
-99.368300 675.97139
-106.41149 687.68043
-107.93522 702.86837
-102.26777 670.86199
-118.62015 691.62146
-122.22169 766.80995
-127.63446 735.54532
-121.48105 737.71023
-128.39292 743.68029
-118.96278 731.90160
-114.49878 716.78723
-119.83747 694.86891
-105.16398 672.88133
-127.50150 729.98729
-117.82029 718.45885
-115.10415 715.67823
-113.18649 695.80053
-124.37656 714.64916
-115.47643 692.14447
-116.75422 723.10368
-109.93522 666.82888
-114.49805 712.83160
-118.99903 709.70949
-125.53215 752.89848
-114.14316 703.18249
-111.31068 715.56755
-106.64862 695.20157
-111.18604 701.77343
-118.15018 724.33907
-123.81853 724.21256
-113.30043 706.57039
-104.65592 686.26921
-104.22176 681.75352
-108.40746 700.30872
-130.53297 747.99174
-109.73652 685.80135
-136.16463 770.60187
-114.82600 716.75065
-107.89285 692.75424
-128.87156 747.54246
-117.44629 727.69351
-113.23654 694.18374
-119.14218 713.63601
-108.20926 704.10052
-110.49372 702.06203
-109.74892 709.40782
-113.23083 716.37170
-105.21961 698.63802
-121.95598 734.81962
-99.154427 667.69890
-113.17211 713.83185
-112.20701 725.62187
-108.91676 695.54747
-111.33934 703.49302
-101.60568 667.71478
-113.04742 720.30584
-105.98339 689.79920
-114.57662 702.88029
-114.75310 710.74958
-116.81218 738.65183
-112.78942 696.41773
-94.477063 649.12330
-104.97932 688.15758
-112.59537 705.38146
-127.69432 739.94258
-100.85475 672.88630
-113.19982 685.65665
-117.39403 720.38376
-118.22175 730.72459
-124.69368 737.29142
-107.98616 709.21345
-112.18277 709.65203
-110.71374 696.99939
-126.46931 723.37486
-121.78363 710.25466
-103.55138 643.93919
-113.57270 722.93159
-112.31324 706.71383
-119.80821 736.82822
-107.66437 697.52255
-121.91769 748.84177
-109.04751 677.58789
-110.96152 701.98828
-109.84179 706.31762
-119.36000 729.77018
-118.79992 724.52072
-107.57923 699.59554
-125.20053 738.95376
-116.91584 702.36083
-125.21159 716.32402
-106.14087 666.17923
-123.91955 731.08060
-97.070163 649.40200
-111.93238 693.31005
-121.40815 737.55620
-124.20022 764.58435
-107.30470 679.12516
-111.79597 704.41942
-105.78458 683.21685
-103.94178 695.40294
-99.392762 668.48254
-110.62139 704.72778
-115.80442 705.07811
-113.15005 691.95032
-112.24603 707.11542
