-119.33909 681.59236
36.932303 710.35765
-113.82174 690.82563
-126.01568 740.84991
-126.15600 731.00489
-128.74354 737.95420
-117.55893 698.91058
-135.04809 739.99613
-121.71136 718.08741
-122.06001 684.03938
-132.91071 724.54653
-113.94744 671.98771
-127.22805 714.12598
-132.34320 727.96197
-118.82220 682.48301
-120.10917 700.88551
-110.43353 681.57187
-113.01907 678.85546
-126.98449 715.75452
-119.34318 706.00478
-126.27892 688.85969
-122.08260 689.65354
-127.20876 701.02152
-118.18825 685.45347
-118.34077 706.22407
-128.64519 713.70173
-121.35752 682.02400
-110.55358 657.41721
-133.73905 715.45076
-114.36793 687.05794
-125.60823 719.64573
-112.75817 676.96741
-121.38087 687.51308
-131.19638 736.63928
-130.09317 702.84939
-126.46672 702.88841
-114.84613 681.87585
-117.63203 701.28233
-117.19255 697.33164
-120.54733 711.80896
-130.98711 717.95441
-119.08466 705.40069
-106.87775 669.57024
-111.26014 674.44860
-129.03390 723.61242
-125.34836 714.26311
-121.44855 676.80831
-133.13982 714.15009
-117.54685 700.68315
-124.51617 700.12710
-114.78797 681.54952
-113.07158 672.99402
-133.06099 714.79936
-110.94760 670.06134
-116.37558 700.73775
-114.05480 666.98706
-134.43179 716.37939
-115.63267 673.33665
-119.99985 698.14269
-118.91215 706.75456
-133.03749 727.58015
-121.23733 690.37976
-124.49453 718.73667
-123.22691 715.04524
-111.67590 660.28372
-118.75423 680.40541
-126.23852 733.93769
-135.15324 732.61879
-121.37744 703.07882
-116.95958 688.01380
-116.63798 679.07200
-123.12999 710.94550
-113.14316 681.62658
-106.08912 660.51137
-116.22876 682.38616
-107.80254 658.08256
-116.33276 703.33715
-104.71703 660.18287
-132.41564 709.35462
-116.14230 699.06280
-121.12740 714.87501
-130.15308 735.52417
-101.27654 653.96717
-133.53649 712.60151
-120.64622 700.65907
-114.17079 693.75932
-115.20101 683.77686
-123.98866 697.47871
-124.10838 715.18974
-128.91713 728.27570
-110.31129 656.94884
-113.06706 655.75532
-117.86094 675.58745
-121.98321 708.10510
-133.66134 735.88001
-118.09208 703.86790
-109.08131 658.73475
-120.16535 702.66115
-131.09154 698.89533
-124.83181 713.20190
-117.46054 694.68377
-104.42448 638.92174
-124.75644 699.45571
-105.99076 661.93794
-113.52307 685.62463
-124.21113 711.16375
-115.75252 675.32270
-126.78059 703.18498
-113.30351 656.85472
-125.57408 724.62010
-114.03176 669.59739
-113.16447 694.76970
-126.78376 723.07829
-118.92950 701.31415
-114.52609 707.95135
-134.60255 746.87301
-122.87456 718.61875
-107.76276 677.42821
-127.38921 707.45902
-109.50593 663.72664
-124.90485 736.07330
-107.95298 665.40041
-114.47944 681.06541
-133.84783 708.60193
-125.69404 710.57066
-120.37309 716.42134
-129.30368 727.01663
-114.56125 702.95843
-112.92542 668.88937
-114.67834 690.33798
-112.90934 675.66875
-114.35920 694.23399
-108.11782 671.67697
-119.46571 703.87385
-110.18676 671.10480
-109.85331 665.66552
-115.12328 695.99922
-106.41006 663.36282
-132.48824 721.18235
-124.28785 720.59185
-120.14924 664.68827
-121.33401 699.36432
-125.95386 705.73025
-117.75233 695.74986
-128.42747 721.56377
-124.32268 705.06514
-113.79303 687.75671
-109.27865 647.17065
-132.58165 711.03028
-120.81043 701.17489
-123.64793 694.69572
-121.67463 706.13740
-139.88764 732.50555
-120.59991 684.73660
-119.03362 684.95051
-128.41095 730.90097
-130.55989 702.86235
-117.24611 685.42743
-107.00628 665.64261
-121.79065 697.39074
-130.65315 720.66151
-136.04866 719.05356
-113.61162 670.11335
-123.67253 696.98610
-122.27828 711.72281
-121.20456 698.94417
-123.70801 698.55532
-120.60923 703.24441
-120.42072 704.55846
-119.30788 704.42781
-126.26294 713.65433
-111.60556 686.64517
-108.52358 659.46945
-116.45479 697.53602
-115.34471 688.73094
-126.57624 716.19543
-121.19938 692.05330
-117.29374 705.45754
-122.76130 712.66677
-116.67193 685.18149
-111.27028 665.98392
-102.95617 625.03396
-134.52031 760.79054
-119.71723 709.13738
-123.21035 703.35764
-124.54808 719.54203
-108.88654 659.73622
-120.85833 691.16607
-123.42471 728.07739
-135.01482 753.89438
-132.65474 733.26041
-125.30931 702.72538
-118.14103 692.46288
-114.72174 693.38919
-129.23812 718.11063
-120.79909 714.68770
-113.70641 689.11865
-112.62859 664.42496
-127.84342 687.11196
-113.95373 675.94861
-118.40842 699.12521
-113.28447 665.88438
-118.70986 673.63095
-118.00633 694.81837
-108.09755 653.88878
-108.05035 671.39282
-110.39400 657.87568
-130.81456 725.90742
-108.99787 658.13005
-122.17899 709.41042
-121.85564 698.68317
-131.22151 734.77312
-123.27109 718.65401
-122.69121 712.41383
-123.42715 696.74240
-122.98445 680.86650
-122.31429 709.19788
-122.72279 690.43028
-120.09682 704.53861
-142.36211 733.94339
-112.20112 680.53048
-129.59417 727.10450
-120.95161 686.93080
-118.54584 686.85952
-122.12242 699.47639
-118.82677 701.59385
-113.19932 666.22212
-107.36553 672.31506
-130.24706 755.96708
-107.57149 640.02634
-116.59818 701.00292
-128.33024 728.72103
-111.00920 667.40703
-125.45293 712.30955
-112.53622 680.24755
-120.45369 701.72773
-114.99509 685.79406
-123.59571 703.36159
-116.48199 681.45554
-121.42379 709.61789
-110.49480 691.94294
-117.09731 693.86341
-122.15000 698.22734
-119.36569 702.08239
-121.57632 702.46344
-126.04630 716.56786
-125.49737 713.55603
-123.30037 693.48362
-124.25243 714.12723
-136.22876 760.11322
-126.45480 724.99774
-135.09016 740.76683
-119.09901 701.19570
-111.58914 660.19979
-122.21787 716.47374
-113.59757 692.92266
-119.12757 701.55782
-125.91856 728.19051
-122.16745 688.33923
-119.35142 697.95866
-124.29489 695.19717
-106.25467 656.15988
-108.48944 671.73471
-110.49073 682.16842
-138.20005 723.86467
-126.42530 708.63173
-126.38697 724.51103
-135.38164 754.12403
-116.84427 692.53429
-117.68360 682.09889
-123.00400 705.77731
-134.62935 728.13218
-139.48331 717.05612
-109.29578 658.04601
-122.96821 710.60957
-121.64995 713.86973
-122.72272 709.45082
-112.67178 697.15744
-116.32556 701.50073
-143.31656 738.49408
-143.42971 762.46115
-112.52432 677.31485
-112.67252 674.36315
-114.68791 700.87325
-116.79692 692.67500
-113.74006 675.50618
-114.11650 688.30085
-127.58245 720.52982
-119.42182 699.72026
-118.63925 679.68438
-123.56006 711.50088
-119.33483 718.05091
-120.98323 706.01191
-123.12665 731.75781
-118.41471 690.62523
-117.18644 678.09527
-134.61770 725.36053
-110.96781 687.47121
-130.94252 728.04179
-121.08049 682.83540
-112.52022 678.37696
-125.58663 720.79865
-116.19790 683.80561
-127.21667 701.26126
-136.07608 751.32006
-134.35016 702.05337
-136.52981 715.64713
-108.68592 692.79113
-133.53234 715.74311
-113.19613 694.95163
-114.91130 689.37062
-131.70121 730.35390
-124.44117 721.64174
-129.87982 710.26764
-118.55369 690.79079
-116.69861 698.02072
-125.90275 689.54478
-121.33295 711.89602
-137.78711 747.62942
-123.97330 685.54830
-114.46008 677.55731
-120.48086 705.89157
-129.39631 722.64995
-114.12530 693.52038
-129.37346 725.33573
-116.46253 681.43548
-133.08114 727.73874
-133.33904 718.74399
-125.08350 699.51986
-123.17754 701.41193
-111.95325 662.51510
-126.86250 731.54518
-132.57042 723.08708
-121.01399 697.51179
-128.54858 734.72525
-111.49063 685.58200
-114.53184 677.06786
-125.41655 677.49842
-115.78773 674.01418
-118.51510 686.98538
-122.66291 719.17161
-128.28470 704.78582
-120.63768 723.31904
-115.43366 672.27645
-105.31915 633.78943
-135.15071 726.13059
-121.79778 705.04483
-125.73075 705.52688
-113.80774 701.79967
-126.44052 712.96502
-127.55263 711.26112
-137.11361 748.47461
-122.72493 690.60578
-121.72128 703.07086
-125.40416 717.41286
-111.20968 670.34955
-124.04451 716.07975
-112.36031 673.85148
-131.42796 723.73005
-125.77884 699.00470
-115.97738 683.17188
-125.07638 715.52228
-117.68257 708.15626
-122.94433 690.94791
-107.52114 654.23734
-115.28623 694.21199
-109.14732 682.81719
-113.38350 681.62465
-112.49443 673.48380
-133.39475 743.68254
-121.79450 698.29161
-113.89382 675.78607
-123.66830 715.70156
-119.96128 693.87075
-116.19789 686.71113
-116.90312 683.71510
-133.47743 744.80290
-119.32926 715.14495
-127.47627 709.76451
-103.79278 648.96732
-122.08477 713.52323
-121.88288 699.91939
-118.02014 695.70077
-127.30721 725.06217
-127.88441 705.14936
-115.81728 704.45865
-114.94789 678.51945
-115.31881 676.94596
-119.00401 703.44344
-122.53971 703.48662
-112.63289 671.25318
-126.48095 697.06302
-107.43881 648.20412
-119.52817 688.68487
61.061096 691.76513
-132.45250 725.59483
-116.68342 679.34221
-123.63686 718.89420
-126.88657 701.75869
-107.47421 657.76346
-121.47549 710.16763
-117.19816 692.24685
-127.33133 721.26617
-124.71254 711.04334
-134.23658 732.30065
-124.19469 710.90080
-109.76869 670.29436
-113.58128 689.88817
-118.12810 693.30854
-126.29264 697.71477
-116.82330 690.85827
-119.69809 689.69195
-126.64969 701.46920
-126.34862 727.27076
-118.09963 689.49711
-118.14212 698.09103
-111.94162 671.26662
-118.85158 703.27385
-121.11886 724.32465
-134.76004 723.87862
-128.63024 727.04410
-128.11032 714.12209
-115.59580 688.34341
-126.92278 701.47062
-118.87797 681.20680
-103.98176 663.30003
-111.58178 661.92038
-120.78998 687.48947
-125.92230 746.06790
-119.82461 679.79352
-110.41639 657.46020
-114.86461 694.72172
-116.74142 694.67404
-108.37629 675.16780
-135.28755 752.30375
-116.94917 686.47664
-142.96252 742.87756
-113.53798 682.38444
-122.08050 716.65698
-123.68405 686.45306
-130.10436 739.75128
-132.28260 737.41948
-123.26934 721.28315
-119.50973 694.35474
-124.34344 735.12052
-116.00283 696.75739
-117.29321 705.64737
-117.61166 696.89700
-102.82118 625.23069
-122.96231 732.47909
-115.27296 686.86262
-122.57665 712.34461
-107.26163 661.07544
-130.15900 716.66710
-119.00272 679.31222
-133.76824 716.56433
-124.54910 702.73721
-114.01388 689.42148
-112.46632 664.68714
-112.24902 687.95600
-125.65279 710.21760
-120.10120 719.27962
-134.68236 748.34758
-129.79415 705.65121
-117.05356 678.13674
-123.04497 698.78263
-109.42666 642.85129
-151.47795 774.59837
-126.59925 732.73589
-127.08505 705.08490
-108.27682 653.48423
-122.33666 709.46952
-132.06212 709.59809
-114.77987 677.60800
-128.11660 708.26893
-123.91906 697.55720
-121.53985 694.68943
-119.15949 689.00899
-133.05819 706.59592
-112.02363 665.30752
-125.67422 713.66345
-117.58713 695.45809
-112.42458 673.89292
-110.56836 670.37427
-114.70950 675.87985
-121.23585 707.65117
-116.12654 704.54294
-107.86503 652.57463
-99.946984 652.91114
-119.58518 696.73605
-119.78219 693.11173
-109.48580 654.79581
-120.13537 695.60855
-119.89174 692.26368
-129.79818 715.22312
-120.60774 703.91865
-116.02432 689.95935
-121.93615 716.94583
-132.87078 739.34323
-118.45128 703.60093
-110.55982 666.10735
