-16.077675 889.51116
-17.156357 939.97178
-14.950454 923.13545
-13.726140 911.09109
-8.3295844 928.78464
6.7607037 928.39080
-9.7185413 893.45607
-14.881034 887.17456
-14.334302 912.76481
-15.459191 944.01624
-8.6051648 855.30077
-14.515195 892.24310
-5.1127881 886.13721
-14.036718 899.52575
-17.129687 906.92667
-15.902759 871.41901
-14.912697 964.20116
-2.7975678 870.72095
1.2389050 842.74873
-15.526630 893.92231
-8.0764960 891.02564
-16.324502 883.47432
-16.546174 882.54717
-13.626613 890.32294
-16.597298 883.73635
-13.918987 858.76668
14.976136 887.39590
-12.613638 800.55021
-16.256826 934.57349
-11.888400 954.41976
-14.922943 909.84652
-7.5829810 892.27407
-16.043582 857.07644
-16.755063 879.93777
-12.471204 875.58311
-16.913075 879.55854
-13.849609 846.87915
-14.901248 873.60085
-16.228096 887.92232
-0.53370304 872.09114
-16.426153 903.35878
-16.502944 898.66255
-15.298729 882.28369
-10.827662 900.00000
-2.7873731 877.16038
-16.507960 878.61368
-17.176832 908.21382
10.998362 908.40568
-14.505319 916.99303
-13.311794 873.44760
-2.1804975 897.12367
-16.755406 896.88695
7.6201477 940.41891
-13.567245 842.35115
-10.887765 864.66625
-2.3911127 822.45065
-13.704848 902.47138
-7.9101209 892.41232
-13.643491 897.06866
-16.487009 909.99867
-15.209337 907.63883
-16.888693 908.71463
-16.595262 946.29185
2.3184234 866.32791
-12.980792 963.26072
-11.590494 856.22890
-4.3551355 930.27224
-8.9871832 898.14858
-16.534382 928.57069
-1.0627112 886.01132
-6.4882013 851.61131
-7.7557862 888.18806
-11.026578 908.73251
-10.857861 893.82936
-15.642103 925.01698
-16.239380 876.14465
9.6727130 911.16596
-16.204439 848.08587
-16.315622 946.17030
-13.804432 887.93790
-16.829235 895.94234
-15.412842 891.72827
-13.512963 832.73871
-10.803469 912.65295
-13.524609 892.90504
-14.508427 843.80794
-15.977668 967.18892
-15.140865 852.56061
-15.394609 893.83268
-16.473730 908.87734
-16.499163 861.74558
-14.893464 844.56488
-14.866199 864.78138
-12.953402 937.86511
-8.3391534 873.33336
-15.541835 890.15247
-17.210512 922.74770
-16.322273 935.87462
-13.259852 850.11996
-16.905406 918.64687
-13.382646 892.74696
7.1670202 860.22909
-16.474487 937.19616
-16.223265 875.08233
-16.396581 907.02474
-15.912129 879.00461
-13.223093 880.14027
-14.283028 885.91939
-16.029037 929.86714
-17.288145 915.49777
-11.388156 872.36117
-14.019355 913.23207
-16.253392 863.04122
-15.459458 851.55128
-16.972180 924.06529
-12.533615 899.38566
-7.0890607 894.71187
-13.269777 865.92877
-15.063356 895.78118
-16.577427 876.72286
-16.354024 857.12501
-3.5294531 920.67684
-14.615426 899.28233
-8.8997834 985.17434
-13.138548 876.85305
-16.552472 897.65681
-17.268939 909.77885
-16.634788 910.80945
-16.281483 895.15424
-10.267990 917.84779
-17.475152 950.49191
-9.6642664 904.32493
-14.976378 830.70507
-16.295864 901.11990
-16.987334 903.85202
-15.144314 887.15854
-13.185090 853.27838
-17.474532 955.17054
-15.965804 872.49043
-14.335293 851.71792
0.21035827 864.66192
-15.256413 945.18044
-14.542560 895.23170
-13.006179 881.89259
-17.862577 926.77969
-16.685562 899.18968
-13.401314 907.29671
-16.650130 927.09465
-4.9045893 868.10929
-8.2271784 911.49721
-15.069412 868.44245
4.0677106 866.82427
12.662941 955.62476
-12.497133 892.42153
-15.212048 975.14085
-17.134318 932.38335
-5.4456433 918.72226
-17.823148 929.34375
-16.882813 897.49124
-14.667711 907.64631
-14.568196 893.95170
-17.083952 929.25818
-1.1311884 892.55469
-16.026251 886.25405
-17.516034 944.72658
-15.489432 846.82077
-7.0200409 906.30256
-16.986893 904.69953
-15.059600 867.24874
-16.837070 895.40191
-12.198589 937.09340
-12.654855 856.27052
-13.010333 869.28806
-16.179523 903.92210
-14.963120 819.25779
-17.155393 910.98706
-14.125245 845.82940
-0.63337892 849.16056
-16.083051 892.24943
-15.097174 887.53984
-16.857684 905.23719
2.3379553 876.96948
-16.643699 863.96213
-15.304224 923.97119
-18.378817 942.24075
-2.1529486 881.18417
-7.9811682 846.93148
-7.6461579 900.88316
-15.011589 868.33936
-16.571385 890.52715
-16.594253 863.80784
-7.7712030 915.08704
-16.949464 899.59963
-17.732114 931.69928
-13.796924 871.94794
-15.944392 913.47150
-14.015603 865.64467
-13.701132 885.64451
-15.328752 909.42353
-14.359987 934.70477
-14.349083 911.05182
-17.342302 948.58576
-10.243905 921.31243
2.9671966 895.20135
0.23320066 877.37199
-16.142943 875.14847
-12.968598 883.83923
-17.426173 965.83316
-14.205453 922.21663
-9.2298822 873.66144
-14.746110 854.59599
8.7211444 892.60606
-10.965739 891.91200
-16.146026 864.11523
-13.319689 844.38352
-15.972582 866.70023
-10.902007 857.62045
-12.602437 949.27137
-14.546885 857.84035
-15.023243 946.92798
-11.686984 862.64120
-11.270436 874.74500
-14.957117 841.84451
-16.833934 915.85692
-15.915446 886.96083
-13.481131 887.98410
-15.776714 854.26698
-15.600959 840.14717
-14.538467 900.89195
-16.328090 905.93066
-14.491045 875.62443
-14.032008 846.40945
-6.4519660 886.22909
-5.8622406 908.12747
-7.2528827 880.29652
-13.938090 907.61461
-16.235879 880.82906
-3.1698236 927.53815
-15.766365 860.56212
-16.955413 880.74200
-16.398829 881.43958
-16.132402 878.95619
-17.329634 940.74095
-16.536777 877.11822
-10.762116 867.70721
3.1733545 923.04420
-7.9584143 869.89931
-15.341803 879.01006
-7.3415546 865.97323
-16.596091 907.93061
2.2412420 886.16693
-11.728420 886.70501
-16.379755 877.61630
-12.127629 893.12224
1.0246686 868.76584
-11.826466 859.36670
-13.407220 924.96744
-14.119946 876.23402
-16.198182 939.06396
-15.397764 844.79022
-14.994521 855.94956
-13.019871 851.75542
-8.3047705 933.81900
-14.582199 905.70375
-15.920999 868.18044
-16.903543 916.66786
-14.367752 836.30525
-13.891182 893.50435
-14.620970 891.43487
0.95316038 895.26852
4.9298816 928.65503
-13.211364 932.02819
-14.049705 884.16504
-15.780784 904.04871
-17.281326 920.08915
-9.1906885 905.00559
-13.352977 928.97069
-15.220472 830.49013
-17.341148 928.04193
-9.1415564 874.87278
-17.474004 927.28063
-11.856731 927.23470
-17.071830 910.17249
-10.257388 911.52410
-16.006214 862.82963
-9.3076532 928.02935
-16.632259 890.25314
-16.020902 887.61966
-15.397540 842.42133
-16.313862 908.73032
-10.285632 943.37119
-6.9887634 888.66132
-14.067075 876.29693
-12.448116 845.40399
-15.980492 915.45670
-16.437810 914.79937
-13.762225 830.33341
-16.482894 901.61201
-15.382601 1020.4916
-17.439019 933.92645
-15.543908 892.06897
-6.2754859 865.99196
-17.293470 940.20643
-14.027600 900.87974
-14.357386 916.50726
-14.376771 889.92220
-16.280532 904.75605
-12.172033 885.82268
-15.187297 920.72957
-9.2029334 935.20862
-16.691891 897.27862
3.3549554 931.10913
-13.382796 886.79997
-14.299158 938.54105
-12.966204 919.52561
-14.198550 893.86495
-7.1242987 909.11016
5.4380743 895.21575
-13.727973 862.94142
-16.389418 904.69819
-15.024751 882.62099
-13.503526 897.81340
-14.250541 865.20035
-16.687527 889.06531
-10.089706 944.17661
-15.812261 862.47854
-15.727847 847.64010
-16.278848 895.59691
-3.3054425 876.52698
-16.629746 871.40245
-15.191205 906.37394
-18.053229 948.58040
-15.554778 899.10354
-11.317277 906.24970
-15.674222 911.33130
-17.082749 906.47608
-16.055258 866.10386
-9.0729334 879.27881
-14.579251 848.87939
-14.852950 893.68394
-0.41445253 922.56549
-16.190535 919.75932
-12.090728 883.45614
-17.515029 938.21031
-14.256657 863.71194
-13.807390 859.50642
-13.776171 910.60319
-15.681978 879.38494
23.248857 854.90293
-16.318228 896.59635
-13.267247 896.26501
-15.641354 887.44052
-12.187595 822.38695
-12.572001 897.47240
-13.593754 831.92306
-14.427269 847.20667
-16.222612 861.90406
-15.855972 876.02610
-14.780247 899.03774
-16.260146 856.33970
-14.752479 879.09117
-16.759863 909.94936
-10.027280 862.15335
-14.299211 882.51606
-13.724937 872.19110
9.6613562 943.20340
-6.1613886 884.87190
-14.333719 934.21794
-8.2966516 864.27445
-14.020554 949.75761
-17.438880 953.86791
-16.496209 882.74561
-15.744033 856.64537
-15.528195 868.69284
-12.355358 839.76680
-6.5271710 886.85945
-12.380620 903.57494
-5.5663916 921.33765
-14.672111 878.17853
-14.286862 888.77792
-16.502830 903.84616
-1.3036481 943.83236
-1.4107563 904.85239
-13.100458 875.58334
-16.350547 876.20026
8.2992968 915.07273
-10.751381 911.43975
-13.829786 855.37483
-16.107825 886.59102
-0.68787173 883.71450
-16.881810 869.12517
-0.88216859 888.99334
-16.435844 876.60535
-9.4164014 895.77793
-13.893316 862.31399
-14.950062 830.33552
-16.908872 885.74564
-13.770986 919.15720
-14.812142 839.42143
-7.1237915 897.58995
-12.482511 878.06808
-3.6154505 941.69637
-15.713406 907.05456
-15.032160 867.57925
-13.640387 848.49834
-3.3705274 861.41706
-18.158231 948.37735
-12.467101 869.52050
-17.454998 941.96336
-0.59195438 934.53750
-14.285959 875.05788
-16.013309 873.83111
-16.957712 906.90642
-17.248499 933.45184
-8.7168360 870.08101
-6.3522840 875.33173
-13.988291 860.84813
0.74855835 908.97395
-6.8937360 902.04867
-16.913928 893.23975
3.1327856 859.72152
1.8035394 901.24863
-15.898398 903.66797
-12.159683 904.44114
-16.112150 899.19922
3.5794970 913.87515
-11.129417 969.98593
-7.1329798 909.56727
-15.239496 888.48972
-12.807806 868.69722
-15.845997 880.64429
-15.612204 884.56440
-16.183837 869.38107
-14.425833 920.53962
-9.0046912 903.84314
-16.517274 876.09960
-16.336007 865.23778
-15.645422 923.20504
-2.6460919 923.80816
-14.098455 856.95659
-14.262758 945.52700
-11.100107 894.41011
-10.252397 866.69850
-14.928792 882.29130
-16.500499 906.76564
-13.315721 856.67493
-10.428530 917.91006
12.609586 905.51943
-11.264199 894.69332
-14.505410 912.53777
-15.418079 882.36011
-14.795048 858.25838
-13.720131 838.50371
-16.502059 925.10139
-13.278850 962.34651
-14.859091 921.26340
-16.361390 908.93368
0.63157347 883.97135
-13.482103 901.68064
-16.880225 891.52068
-15.134257 902.53633
-16.406607 885.55045
-12.214847 862.62075
-16.028814 860.11208
4.2667505 883.60915
-15.327269 905.86261
-6.8818628 882.41000
1.9386389 953.20957
-17.227233 923.36074
4.3213818 912.38046
-14.726150 901.23222
-11.888836 930.91746
-17.058269 899.08516
-5.9069745 891.11118
3.7871179 932.53131
-16.534440 879.16804
-17.171482 924.78835
-16.607477 903.61304
-13.269716 902.40505
-13.275628 947.01431
-14.928676 868.54318
-9.7565314 891.70724
-3.9828113 837.28299
-16.167841 898.07602
-13.895981 819.46702
-16.898151 927.45566
-17.486489 942.49764
-5.8119617 887.51024
-6.8820166 937.84527
-8.0864081 840.86876
-17.292018 901.76984
-13.288004 901.61095
-4.6063605 877.27343
-12.649983 863.59818
-4.8987836 873.20299
3.5728491 888.85373
-13.951997 871.20083
