-122.04296 694.61960
-112.14526 638.92309
-138.88159 726.28418
-122.65634 675.45886
-128.60018 722.42636
-123.15894 704.04519
-121.87865 664.93159
-130.60364 709.26027
-141.65826 733.38061
-146.90764 719.51972
-120.83189 674.63447
-121.60744 681.62360
-130.79309 685.45461
-119.68678 671.96833
-130.47698 701.09470
-114.35470 640.14734
-123.22509 680.45456
-137.21101 723.48029
-109.34466 659.57055
-124.96872 671.22644
-131.97305 722.16516
-129.22929 691.50163
-117.53160 680.28755
-124.17268 678.30305
-125.01429 663.49174
-138.83940 710.33686
-120.73375 690.56635
-127.21625 684.08496
-145.94722 733.00398
-142.92365 761.59817
-141.48796 705.00361
-114.38216 665.41242
-127.60875 693.38178
-127.96797 684.90117
-122.94209 684.74028
-87.267100 717.10893
-129.30738 673.49590
-116.55175 656.44797
-119.81274 686.40185
-124.02970 682.83732
-113.90747 647.68069
-127.77557 698.21750
-116.91924 685.52317
-122.63602 683.66567
-142.67947 717.99082
-129.99757 709.53862
-129.63424 703.01645
-118.72721 672.69402
-115.96547 651.09480
-128.47809 680.61574
-134.12314 720.93032
-119.63663 665.00061
-128.41741 701.45285
-111.81745 647.18996
-114.07637 643.88386
-114.81509 668.03698
-136.29809 711.67285
-121.29458 665.56772
-130.41106 697.20307
-133.28565 685.20388
-138.52049 735.44426
55.848330 681.22412
-115.25511 657.66718
-125.94275 698.10134
-124.76492 695.58164
-131.14559 694.44834
-148.72998 736.38965
-122.93002 700.96765
-116.18976 660.85207
-127.83478 706.36111
-120.20180 686.93979
-125.34641 697.13198
-119.57809 675.09604
-126.75672 684.43535
-117.16454 679.74140
-122.61392 678.80993
-138.30252 730.18640
-124.79678 679.91809
-121.78448 672.91064
-126.00689 673.13547
-136.51709 736.68508
-130.24938 723.11277
-133.49334 735.50363
-112.86283 643.40859
-113.53142 666.94697
-131.32076 719.84919
-114.15248 652.39824
-133.78957 727.07871
-126.26024 703.08857
-124.88656 674.48276
-134.27508 686.31201
-125.56260 705.84414
-132.87608 716.11687
-126.63278 684.24011
-127.89145 679.66027
-130.45721 711.40454
-133.07710 716.16948
-125.36639 685.24997
-138.45053 739.40832
-143.40550 713.99946
-135.50563 707.77790
-123.55041 668.00510
-125.11997 692.34438
-118.27082 673.76150
-115.92724 699.80124
-128.26083 697.23083
-146.61457 729.76955
-134.50536 726.40937
-127.68407 684.36423
-138.87311 740.16919
-133.06871 700.42378
-120.53125 686.71826
-122.91374 650.36787
-132.27828 710.00422
-121.67853 689.09594
-132.28102 710.36067
-124.31406 686.45547
-117.48644 692.87595
-138.02499 710.97568
-135.04454 710.74431
-132.41373 718.43862
-130.69145 700.40937
-111.19398 648.80205
-123.48786 680.21001
-142.04493 720.67143
-122.27687 663.29108
-128.40029 712.01767
-119.88724 663.49939
-143.92933 725.54643
-135.23294 725.29553
-122.36783 682.25964
-124.35027 679.99482
-132.42574 722.05305
-121.38067 694.03391
-135.86139 714.96948
-120.14208 683.64253
-131.08730 729.48078
-101.79054 618.58842
-128.04938 694.42190
-125.39324 691.85031
-126.38192 688.13657
-126.13384 684.85227
-125.82817 685.37321
-129.83644 699.34184
-116.87876 660.04631
-119.96128 669.07485
-106.56853 629.74436
-113.56259 658.70398
-125.76299 677.50510
-136.31505 683.54780
-134.78302 704.60842
-124.40391 691.59001
-129.88097 683.56294
-147.45875 752.69951
-137.15337 718.75339
-146.02911 726.15747
-137.98791 720.14328
-106.32425 637.88344
-120.32319 671.13772
-137.20924 726.86040
-117.95018 657.96040
-110.17345 649.56880
-123.85276 663.83635
-119.26838 663.65529
-125.01427 686.25119
-131.49341 691.91213
-117.75354 668.89599
-130.48094 703.41694
-117.58446 664.19773
-128.86091 681.70635
-130.51446 681.44846
-123.88924 696.86215
-135.16467 735.06369
-137.18345 704.33171
-130.74859 694.37473
-127.22279 718.76960
-122.07826 681.96538
-125.98501 671.52939
-115.66139 649.69707
-114.59587 659.60713
-127.71981 672.73960
-114.20030 674.73576
-129.22458 680.85485
-130.80899 691.40319
-115.32889 659.08166
-134.07592 706.22995
-123.03965 658.86660
-119.88545 665.42338
-123.40545 686.74387
-125.56718 710.89250
-111.83059 621.49106
-113.15177 654.47185
-129.45209 707.46023
-129.87668 719.15029
-128.65942 700.08764
-123.73537 681.46176
-131.31297 715.45600
-127.04062 674.90859
-117.50839 675.11438
-121.85378 684.07063
-130.16138 670.64919
-127.27176 690.06338
-130.34305 682.05066
-126.78223 670.63869
-128.28910 705.65786
-116.15412 660.26250
-134.32616 702.53095
-125.51589 668.41440
-112.55287 658.43364
-119.22810 652.12995
-117.93588 687.91150
-133.65464 697.82973
-135.13398 723.34795
-143.12300 721.65974
-111.37893 644.03916
-119.02857 669.03493
-138.06299 716.19091
-118.31818 657.77273
-132.83451 719.26504
-124.55129 679.02207
-112.82748 661.87780
-127.68186 692.32561
-122.23064 680.63691
-115.89779 664.99206
-134.68976 717.38867
-117.70481 664.97939
-140.62065 692.54924
-126.62576 652.74621
-123.61009 685.67719
-135.93127 706.77487
-145.09087 721.80146
-125.43936 678.35803
-108.75294 635.85258
-138.83816 723.57873
-124.01228 693.06255
-120.76846 682.33361
-135.59501 727.64909
-129.79830 684.01936
-124.38729 716.77353
-135.06418 709.57898
-122.37261 676.21262
-121.11194 697.05786
-132.91717 679.53564
-142.10909 712.36045
-121.00598 653.54736
-123.03849 680.45378
-128.63645 684.57680
-135.86734 714.36804
-135.13125 726.82971
-122.57474 678.16738
-118.89483 659.20581
-121.77585 662.20300
-120.54760 694.34275
-122.31042 685.20066
-122.65040 687.99394
-130.45863 674.40827
-133.51522 708.74546
-124.53669 698.46806
-133.10730 700.81616
-121.93050 652.87827
-137.96835 735.25595
-131.74908 705.26902
-128.33208 704.45554
-117.98888 663.92136
-120.46279 664.43344
-141.43979 723.89101
-119.93164 664.67653
-104.09501 617.90420
-132.89369 685.81914
-116.64958 638.44402
-124.08682 664.31775
-126.37354 697.19094
-115.62598 645.74001
-110.83169 638.70764
-145.03377 730.69758
-116.11570 672.04777
-124.08739 668.35615
-112.15588 665.23313
-116.90917 657.44797
-138.38688 718.45131
-143.27808 727.27175
-128.55615 708.75732
-132.18065 703.29121
-118.94396 655.45722
-112.98077 670.18088
-135.35878 713.02888
-135.47850 714.40007
-121.01708 667.87226
-130.12634 711.39013
-127.34573 709.18713
-118.43017 655.28415
-122.77314 677.09963
-124.40851 691.49926
-126.82827 701.34555
-125.64508 693.38796
-126.74816 694.79856
-123.83219 674.60439
-116.94726 682.06958
-135.85937 728.19091
-128.71274 718.09218
-129.33957 679.89392
-79.665703 723.33908
-129.62150 702.72038
-140.09709 745.31877
-134.65611 717.65593
-123.07997 673.76347
-136.82387 672.86262
-122.86818 679.51081
-130.47759 692.29341
-115.72015 650.94360
-120.88707 663.11421
-122.20993 674.12881
-112.99425 632.15891
-117.46548 655.75134
-138.51250 741.34516
-120.66329 673.03889
-129.96907 676.63361
-133.39291 722.44250
-123.19676 656.95964
-118.85288 656.33098
-116.88003 656.58410
-115.79622 651.28010
-133.76689 680.26875
-127.84448 683.69946
-129.08471 711.86450
-137.54482 699.79573
-127.47151 667.18391
-122.77022 664.46198
-142.02276 692.83152
-139.04559 738.58056
-115.60080 641.12219
-136.89764 710.20044
-132.34465 720.81782
-118.33054 666.02651
-125.09668 677.17873
-119.22035 688.44831
-117.57935 673.07863
-130.65197 713.17819
-105.11211 639.67063
-122.34761 684.79499
-118.66554 658.37944
-126.83264 694.56958
-126.21446 689.36347
-123.55732 674.13261
-132.19192 693.72229
-129.95586 676.52754
-138.59668 725.96389
-104.39035 646.14687
-140.26296 709.55185
-123.74389 678.16797
-135.23608 699.50437
-122.28298 679.76545
-116.57828 643.05727
-128.24263 687.55573
-131.10130 684.67741
-114.69373 672.12087
-135.42395 703.55129
-130.48387 688.74943
-114.31999 653.13127
-45.383744 709.14778
-125.71485 703.69362
-136.07861 732.66333
-136.75938 710.77385
-125.90907 690.57842
-132.05301 692.42688
-118.87397 668.31279
-115.78410 653.71186
-129.56779 681.37468
-117.65365 682.57871
-120.74587 680.61167
-125.96177 690.04140
-125.75782 710.80962
-147.20733 754.13840
-113.62194 644.79734
-120.62510 679.92055
-126.49383 689.39721
-125.77793 692.09465
-122.08867 681.96064
-118.75654 671.20366
-122.88128 701.83984
-133.16102 708.05034
-132.53274 726.32529
-132.77601 733.59257
-110.95683 639.49580
-135.72441 702.49458
-119.56775 668.34768
-117.96037 666.84685
-133.26435 710.09453
-129.53388 672.23830
-125.74521 717.72719
-112.55498 658.35861
-130.39877 713.86216
-132.55438 702.05835
-129.89833 701.40803
-114.82060 674.06731
-134.99442 707.10683
-111.62545 656.26572
-111.12629 646.78935
-137.44574 705.78515
-126.69440 711.12890
-113.17109 648.61430
-122.16603 684.05229
-128.02449 699.63066
-126.62672 704.33061
-120.78681 682.68852
-136.20845 707.93608
-133.36084 717.53029
-108.52781 644.67739
-119.98632 663.62546
-135.02213 730.26943
-115.94335 680.07175
-134.14704 703.69558
-122.14600 694.47487
-115.09154 669.46360
-126.91618 697.04609
-140.84519 737.68935
-121.78667 689.21528
-129.93779 700.57319
-113.19986 649.90151
-105.10310 618.65532
-116.90685 661.59443
-124.07063 697.42487
-145.97904 740.71108
-135.46371 743.84360
-138.20871 753.44421
-136.67726 730.90974
-137.47002 692.61496
-112.55804 654.41794
-123.74380 686.63635
-116.04771 661.77873
-139.04566 710.40093
-128.27661 700.13281
-132.38893 717.76862
-129.68818 699.30105
-126.26827 679.46394
-131.01415 701.66767
-131.29608 719.26001
-132.92762 721.09768
-132.53368 688.40913
-111.02221 632.60422
-143.19916 717.13403
-116.18975 674.94650
-125.28175 687.30573
-123.91877 678.37065
-126.23301 705.07536
-118.67894 652.73383
-123.68139 682.37351
-118.68897 662.99636
-130.87001 719.12116
-137.59754 746.72097
-140.26413 702.71594
-122.48520 661.18249
-120.24720 676.44267
-132.12756 725.11523
-121.86387 704.05901
-119.18970 685.10451
-113.20710 652.53054
-120.19430 662.73840
-130.56228 699.20471
-139.87033 751.92251
-127.34147 698.29582
-130.19954 713.61555
-133.74269 680.59236
-129.71466 687.18384
-123.98619 671.04973
-122.87707 689.40918
-133.18415 685.09450
-136.18566 730.58445
-120.28249 684.81723
-122.96658 674.97912
-119.80398 698.61533
-128.48395 697.47463
-122.17706 691.13108
-125.45779 664.09924
-131.70934 699.27241
-134.71412 696.05739
-125.96000 688.92107
-134.11179 717.47280
-128.03405 691.46946
-122.59611 682.07219
-113.25060 658.52683
-133.12274 695.27026
-127.65662 698.15261
-120.16703 665.70522
-132.50049 698.36474
-133.68500 716.63234
-117.52228 681.76662
-119.65626 675.09843
-138.47154 730.02238
-114.30671 659.35940
-126.35678 677.02111
-120.65662 685.64699
-134.61322 723.72412
-125.91095 649.97070
-119.97413 678.83256
-126.99919 682.88200
-123.83441 678.67797
-139.82466 718.87434
-118.44376 683.31631
-128.06551 693.14826
-125.66684 683.20595
