-140.22239 660.82372
-146.12072 670.58975
-142.14284 671.75453
-148.56478 697.99652
-156.67423 677.76107
-138.00803 659.66808
-145.17928 688.86426
-141.29251 636.47249
-128.62863 631.51150
-141.87117 673.56996
-153.97089 719.20073
-148.25125 695.13509
-153.82620 696.90225
-134.14142 638.74376
-131.88025 637.18518
-135.21128 652.72951
-120.65726 620.01577
-151.53554 692.44019
-126.10445 624.43049
-138.71562 673.99766
-136.38893 654.97346
-137.52282 671.52533
-128.50954 639.18657
-139.20550 656.75480
-132.57840 641.18966
-123.40834 611.55415
-136.54631 654.35399
-122.68854 610.50128
-155.76584 689.69592
-152.46790 684.65419
-138.20489 663.50555
-164.75607 692.13693
-144.02122 676.42391
-151.78941 692.89546
-136.69418 652.55288
-135.15521 666.32135
-132.86452 638.42494
-144.02928 672.17052
-137.53230 666.07023
-158.59648 721.44962
-127.72810 636.36666
-147.89749 689.92111
-123.05596 624.57774
-127.81596 626.13945
-127.91433 645.44596
-136.59045 650.16739
-133.47594 644.21753
-140.40391 689.35881
-145.65962 701.47142
-131.82260 645.61404
-143.74647 649.96882
-142.51153 675.24906
-131.64584 644.61011
-140.95724 670.50574
-128.60503 643.46369
-153.75581 684.05904
-151.82079 676.99958
-144.08181 660.23752
-160.04521 710.10802
-145.08780 708.50155
-143.43608 674.96568
-131.16267 658.38051
-128.81196 644.52131
-166.89096 714.86022
-136.08085 675.15468
-149.29377 687.01473
-156.59118 709.32248
-113.94318 598.68007
-148.10132 690.19577
-151.41326 676.49954
-149.82240 700.18846
-142.34738 673.74905
-165.12267 701.51792
-140.11266 666.71732
-146.57523 676.57500
-141.80171 662.98292
-140.92136 689.81182
-137.15366 665.84814
-139.71703 658.26114
-131.03007 640.23817
-138.48773 671.11679
-120.15885 611.53997
-156.57618 713.88857
-143.27379 669.36863
-151.01810 673.85021
-141.93598 676.55520
-163.62577 693.74361
-138.51788 655.96664
-137.31548 668.85087
-145.61017 679.48250
-139.34670 647.96369
-132.13096 649.16212
-144.80468 671.10010
-159.87588 697.31591
-143.66834 683.46462
-145.10737 664.95833
-149.07677 685.97706
-155.67930 677.55748
-138.38202 657.39178
-158.01888 705.63596
-143.19932 660.68766
-149.97523 715.05726
-151.41154 694.83879
-131.18003 648.42382
-146.46352 685.61979
-136.06822 680.87138
-141.12253 670.15349
-148.38319 678.94084
-132.97956 634.27285
-138.69786 647.33504
-135.96149 662.96087
-139.38301 664.65632
-143.62568 665.74995
-128.02676 657.62939
-134.62016 649.69617
-137.35314 661.94776
-126.82105 617.97472
-137.43381 637.54956
-149.84827 685.24465
-141.78652 661.55634
-132.30813 641.08508
-143.07216 642.15712
-153.66393 689.93937
-142.54233 672.93691
-142.51596 670.88748
-136.33395 661.25933
-134.11431 636.75135
-132.01067 644.81348
-131.95413 631.19259
-131.04344 630.37910
-150.95008 663.91457
-150.25238 692.08615
-152.66734 714.07392
-137.40536 658.29452
-149.84597 685.72281
-146.07953 680.04845
-153.48890 672.42906
-138.01550 653.95886
-140.22549 654.99639
-149.60142 700.03025
-137.56104 662.34181
-147.20207 686.81840
-161.27710 687.93075
-135.91604 629.83988
-143.62916 681.82494
-147.49953 650.18745
-141.60108 661.69042
-141.29921 668.20826
-144.99910 676.33692
-145.50576 685.03750
-121.65797 610.73127
-138.60500 655.65222
-134.38322 646.04915
-152.81059 665.41258
-142.91218 665.96453
-150.14659 687.25932
-131.33011 631.47180
-145.74977 673.90544
-128.63689 641.57569
-150.25505 692.74916
-138.16822 651.21776
-134.92286 650.25951
-133.32735 644.60959
-143.47641 680.80077
-149.15471 686.03772
-127.10839 639.09067
-127.98006 644.29676
-137.58173 617.26937
-138.27837 643.06901
-130.90116 631.03069
-133.17840 644.01432
-136.99794 654.17646
-141.49978 661.11743
-147.58108 675.74649
-137.44880 658.85369
-122.12048 613.28836
-134.79205 642.06238
-150.14779 704.31668
-148.83124 690.84551
-140.32493 670.92897
-141.64315 663.32905
-133.02720 640.11089
-141.70568 678.87543
-158.91255 703.31099
-144.53988 691.79135
-144.46657 671.37669
-144.06014 674.69745
-135.42998 660.10621
-128.98445 639.66554
-153.27588 694.96676
-133.43678 630.99593
-136.64569 656.77988
-149.03204 692.56686
-154.27848 679.71749
-156.82357 715.98322
-139.87586 664.24587
-125.17852 598.59561
-152.30523 673.12989
-155.71464 713.09569
-134.42168 642.84143
-145.95091 686.37306
-133.89921 654.85206
-131.08945 631.03894
-134.06717 635.36645
-140.57703 665.64727
-136.06855 636.04381
-138.98966 663.98506
-139.80500 662.23495
-132.89976 644.05757
-136.46576 654.54464
-143.42470 662.83826
-131.23364 655.58111
-160.70703 709.18997
-140.95368 661.02617
-128.21647 622.13698
-133.16739 644.84862
-123.37628 621.77316
-155.45992 717.27512
-138.18645 665.11964
-146.46691 664.21677
-147.73583 685.95625
-131.47247 638.85340
-125.63947 629.10574
-131.60325 651.58775
-132.40309 644.53120
-139.62298 656.61521
-128.85410 642.61995
-141.70088 664.79786
-140.86377 679.10308
-140.61565 669.29236
-132.17977 643.41275
-148.20524 677.90074
-155.17086 670.64725
-125.40867 619.69239
-150.73267 706.50227
-149.49744 682.16729
-150.36793 708.11262
-140.19655 646.12476
-127.82272 637.19275
-152.55054 686.86151
-147.51333 691.64530
-139.93381 668.40209
-134.02562 628.13377
-131.63194 635.04603
-127.92636 636.86075
-138.43947 666.43305
-135.28657 650.40859
-129.50294 644.85597
-149.65950 681.12901
-152.81187 677.65416
-148.31788 668.64195
-144.96378 684.91610
-140.14216 652.13075
-135.02739 637.73374
-151.96978 679.29962
-133.69120 639.67397
-143.51192 673.27573
-135.93962 659.81138
-142.36598 640.43440
-122.49462 620.97370
-139.26639 672.14904
-132.75550 654.49718
-126.41528 621.24322
-134.66834 633.90737
-158.65770 716.90742
-142.85826 681.79939
-125.50370 638.07583
-141.71718 677.18956
-138.23512 647.93324
-147.24188 676.21240
-144.37382 673.67278
-136.71543 656.46755
-130.13047 650.41015
-121.08848 617.24843
-138.47791 650.76425
-136.14378 637.72649
-143.55574 667.08131
-148.13616 673.96537
-133.24615 654.54865
-147.51686 688.90028
-134.98907 669.23050
-144.23755 664.95064
-141.66385 686.70981
-135.53499 654.11442
-133.96656 647.37841
-141.93192 667.54821
-149.35773 664.83532
-130.41603 660.26963
-167.22351 700.13666
-124.01534 632.81766
-131.40571 647.45024
-139.31991 663.03207
-127.98415 643.46067
-146.50321 653.01339
-136.35640 648.84733
-137.63810 649.27098
-134.43403 669.93977
-154.51076 697.39237
-123.22379 642.92928
-145.42665 670.96009
-148.53278 700.35647
-141.07652 638.74828
-146.92517 657.08707
-133.71221 649.85431
-144.55677 675.24907
-128.21860 658.72063
-145.04176 654.52861
-139.16835 659.61845
-138.63162 671.10547
-127.52106 633.41936
-145.87435 688.80707
-139.56613 644.13177
-133.33617 649.72578
-151.23607 701.97324
-120.44591 616.09507
-130.56637 622.36362
-119.88648 617.57207
-144.45551 666.58870
-149.60416 689.70632
-143.74489 658.20488
-152.44975 693.79622
-141.24225 675.27633
-143.35371 677.77482
-129.22635 638.57113
-128.60352 648.56423
-133.28998 663.18371
-134.69125 639.43289
-137.67121 646.95391
-140.82642 673.64572
-149.34394 675.50484
-143.40411 669.25293
-139.15143 652.71252
-160.46799 684.64595
-154.51675 695.85232
-149.02721 695.97782
-142.10436 677.58624
-136.71841 651.70370
-135.84336 661.82259
-139.95747 650.74010
-136.96079 663.47314
-131.53867 638.46227
-135.33681 660.50571
-129.26413 642.85054
-135.06627 639.65952
-143.84087 659.27866
-136.37528 666.83742
-143.87921 659.27307
-147.17669 667.57586
-142.57881 679.24794
-134.99381 657.05452
-149.83728 673.75661
-145.35362 665.27022
-141.71834 660.87336
-126.21594 636.07660
-140.68258 674.66440
-143.46365 687.07779
-155.28337 682.87547
-131.59908 642.82462
-125.58662 633.73869
-154.82954 701.29189
-138.74279 660.99817
-145.72600 696.22358
-131.70866 644.50090
-134.70766 657.88612
-133.14474 654.23364
-133.63900 644.50839
-152.46969 679.63511
-151.43440 691.15358
-124.88567 617.55130
-152.26386 697.96440
-135.35657 654.43875
-138.35784 659.29944
-145.52790 675.98427
-148.81435 680.20319
-143.02405 649.23416
-132.62516 654.58202
-164.79219 698.12324
-121.79869 633.27372
-136.07619 647.68449
-154.91721 670.22276
-130.11518 646.06920
-139.20310 668.89027
-143.73282 684.37771
-131.85109 651.99244
-139.17809 668.41953
-138.27591 672.96258
-153.64885 694.28752
-144.44058 676.69149
-146.48928 686.01715
-143.54207 674.03505
-138.60299 662.25677
-158.22241 668.68899
-145.40763 668.66973
-156.21248 693.10715
-140.11599 670.81308
-137.87000 660.80208
-148.79803 675.57806
-150.72175 687.73574
-129.46783 644.65811
-126.83126 641.35691
-140.97248 635.62001
-152.66860 706.36746
-145.01304 684.29051
-138.42342 669.75065
-140.12341 670.79595
-133.93126 643.10071
-144.96927 690.28237
-121.02323 626.33889
-131.49949 661.16624
-148.27407 697.04447
-126.39930 623.69264
-151.72521 682.54135
-143.98281 677.70393
-146.60136 649.67873
-136.17991 637.56371
-134.28086 652.29650
-117.17267 618.89413
-134.05463 640.66207
-128.39453 614.99032
-136.61502 662.03842
-139.58468 664.28461
-136.24457 651.29296
-119.83205 615.93735
-122.67474 607.71329
-137.04409 637.46283
-142.26931 658.64033
-146.26574 678.64570
-155.30467 671.47475
-133.17709 629.63629
-142.30065 669.73667
-139.73405 673.74705
-128.23673 614.82536
-148.72497 682.98285
-145.93196 655.49381
-139.96289 661.40710
-143.06523 650.10346
-141.44447 663.08424
-139.91921 673.30341
-136.98184 652.57718
-136.59209 660.09012
-148.21388 690.36570
-139.51877 686.02453
-128.56128 642.94830
-135.63863 649.33313
-138.15846 648.27428
-148.13921 668.25876
-141.08428 659.34339
-155.33604 660.98622
-142.34866 660.29373
-132.41138 652.21182
-126.16280 624.23884
-131.55099 663.01969
-150.79335 700.84178
-136.90934 670.08065
-135.21537 671.49154
-146.82321 687.76526
-144.78480 665.94664
-126.76640 620.74159
-142.86172 682.57757
-142.29349 665.73504
-145.64310 660.72505
-138.38906 664.76108
-119.63504 611.34766
-135.58395 648.04098
-144.67509 678.43343
-122.31840 613.58977
-148.77650 686.42305
-143.50355 693.40166
-165.47852 741.43453
-134.90020 676.48224
-123.96890 634.49616
-135.58971 660.10700
-141.66021 685.72162
-128.62760 638.05895
-162.15862 711.76749
-148.79906 672.10774
-139.36136 657.60781
-150.02031 685.91086
-142.93423 687.29007
-149.87841 686.79196
-144.20954 678.47954
-142.81859 669.03504
-149.82110 683.09570
-133.35462 647.95616
-145.87248 664.70192
-141.86869 664.65111
-132.13400 646.26773
-126.05837 642.18674
-138.31063 652.07959
-141.56934 688.62234
-136.95076 648.86536
-146.54377 678.98472
-133.10407 655.35991
-136.93937 653.21730
-144.32643 679.55744
-142.91095 664.52035
-130.53644 651.37170
-149.56176 693.40360
-133.44954 653.07004
-155.78133 706.81864
-132.93606 614.85778
