-165.13088 669.64923
-164.58337 656.88147
-157.48162 651.90751
-143.18700 616.96821
-153.11214 641.37818
-134.09427 593.66342
-161.21835 649.91775
-147.12180 609.91082
-157.46784 635.38668
-140.53839 612.99676
-162.46657 652.06034
-146.58623 614.19789
-150.01697 622.03969
-164.09888 679.43823
-186.64643 689.81844
-147.76653 618.49686
-155.13416 610.08144
-158.77132 651.78125
-160.04692 662.50355
-141.71387 622.07885
-169.32843 689.68475
-143.98395 621.49237
-154.26052 623.98932
-172.82480 671.93704
-153.94216 651.07990
-135.67022 591.54459
-155.35878 637.42033
-147.96543 621.78716
-156.46428 626.13893
-154.78723 675.32824
-153.79111 634.99907
-147.53734 627.58029
-150.95794 637.27762
-144.38620 610.63638
-153.29863 641.67079
-150.06863 624.77914
-151.18988 622.94439
-130.70577 579.68689
-172.43947 670.42411
-145.55326 608.86901
-152.36357 641.82753
-154.75707 646.34348
-158.46667 652.23352
-166.67176 677.40371
-154.52206 623.71314
-163.81281 669.83516
-151.96603 631.46011
-132.29769 587.38013
-143.56385 610.46962
-152.74741 632.71367
-145.61703 625.77759
-165.77956 666.72809
-164.07074 648.18194
-158.42921 636.37892
-141.19927 600.00065
-149.54827 630.08329
-161.69075 650.95823
-147.36729 636.79595
-150.22514 633.70155
-155.12058 627.51555
-153.69649 643.06626
-138.72477 603.92821
-151.60956 625.19805
-141.44662 615.73243
-151.31042 636.20469
-143.38586 604.27207
-135.30636 607.52869
-147.02898 618.13111
-134.97089 589.52742
-175.05601 685.85039
-143.28240 612.40238
-162.17026 643.03228
-163.36211 673.67543
-135.83658 592.41307
-149.09225 622.87146
-152.33926 617.12594
-148.62260 629.08458
-146.88941 623.89064
-145.88248 629.87619
-129.90871 588.20683
-161.35584 661.59975
-154.40021 645.27608
-170.07033 660.80695
-158.08659 642.64552
-172.31871 676.82014
-165.14873 652.85829
-154.58565 641.89637
-148.65127 629.40888
-144.71942 628.46783
-141.92480 601.17673
-145.88270 617.14836
-154.74682 640.73313
-154.10850 631.25276
-168.16405 654.41035
-142.27917 613.85312
-144.30737 616.06787
-159.69729 627.66339
-146.44438 618.42421
-126.56707 575.66996
-150.11718 616.29441
-129.65192 582.89544
-158.34573 658.80770
-160.71435 660.16452
-134.29696 599.51612
-131.97310 581.87584
-181.52567 691.02819
-160.29442 657.34861
-182.86114 664.74894
-145.72681 624.16164
-161.05555 637.56289
-168.18384 662.27858
-164.16339 650.86956
-152.07641 636.49582
-161.60525 637.15729
-148.61745 641.60014
-166.45362 655.65236
-161.14648 634.83007
-153.13340 645.04180
-158.45621 650.77465
-159.50066 648.69510
-156.78686 644.53757
-139.08094 609.12514
-140.49191 602.82925
-155.45766 646.62250
-170.81075 666.99622
-142.20849 606.95703
-152.92907 630.54111
-165.04270 680.46624
-147.96941 620.04349
-129.42938 597.88775
-162.52966 652.67248
-147.36225 621.64778
-164.81433 656.55896
-140.73620 609.19348
-134.54884 603.35478
-158.04196 657.32510
-146.22426 624.14374
-140.79594 607.06776
-156.79185 638.86677
-146.60975 626.35756
-140.83728 595.43835
-163.15092 643.54164
-142.36272 630.14701
-142.31316 625.15799
-140.31652 618.05869
-151.66540 616.35019
-159.45265 667.55204
-162.65217 634.75267
-156.02552 649.40590
-173.13727 662.27996
-159.35100 672.31180
-150.27927 615.70742
-181.65861 732.88817
-165.86601 658.00087
-131.96480 587.71082
-157.41878 628.84227
-144.36323 606.92417
-153.51478 617.62638
-123.11680 578.61772
-152.65116 625.66491
-152.76511 627.84075
-179.53649 680.90561
-152.13128 640.55497
-167.25932 662.10731
-151.87240 624.52298
-157.72648 637.68727
-181.17728 702.26867
-150.74474 630.28501
-165.32128 664.09421
-159.52212 645.21552
-167.79992 684.13144
-157.07614 631.75210
-123.98952 578.29352
-147.72909 642.93557
-160.40007 648.30812
-178.21217 707.96464
-148.13498 628.37954
-165.34482 660.98660
-161.31653 655.94372
-140.20692 599.22475
-152.07812 631.28440
-150.36175 627.41385
-139.60242 608.87610
-166.69714 664.84362
-154.20895 635.62197
-155.65706 630.03831
-159.20629 626.58835
-139.93293 609.69112
-163.40310 658.12580
-189.55903 720.41585
-164.96987 662.98066
-154.08254 634.06549
-141.48488 605.44023
-171.02453 675.51743
-158.59387 650.63147
-148.97530 633.29139
-181.19802 661.52253
-147.41077 634.67031
-147.27798 609.50045
-161.47098 645.61608
-162.07918 670.73267
-149.76295 642.27687
-146.71057 633.55969
-166.52322 649.68808
-144.40105 632.52469
-158.66921 647.21198
-150.80742 621.87245
-171.68131 678.51415
-158.51431 647.18820
-149.12131 631.46988
-167.43088 674.35440
-138.91347 593.90229
-178.84991 701.80973
-171.16955 659.43103
-161.13440 664.43737
-168.18416 675.02954
-153.44551 631.04405
-153.75810 643.58973
-153.94009 630.26239
-163.11914 624.06787
-143.93603 625.17014
-139.06702 595.02404
-140.63476 610.93896
-124.24306 575.75138
-147.26902 628.46892
-155.64941 655.23948
-164.35380 647.69469
-163.70203 647.10730
-158.02653 653.96386
-143.95270 607.53170
-156.90621 626.69959
-140.57581 633.29848
-183.96796 697.27447
-159.34700 653.62254
-153.16743 634.87974
-147.61210 624.00499
-152.20459 634.35278
-141.02520 607.11905
-156.39162 635.60602
-156.92039 643.04876
-144.09096 615.94648
-140.15858 589.99528
-173.94765 681.05707
-152.29771 644.73589
-155.59932 640.02623
-158.77540 637.17702
-147.60682 624.36245
-146.57451 625.24672
-146.05221 620.14175
-155.89057 639.31600
-135.88637 600.92619
-155.30261 644.32824
-162.25980 649.93297
-152.63879 633.91345
-173.69271 690.25196
-159.23153 652.56592
-155.89670 660.79949
-155.89125 653.57560
-164.98134 656.85221
-156.23667 642.59380
-154.55516 636.85786
-143.07267 622.45555
-148.32063 607.64866
-132.90034 669.23863
-157.98366 648.21293
-162.16048 650.87403
-176.75379 681.85341
-140.59180 590.56689
-154.42038 636.88003
-139.33684 620.48978
-153.29005 630.57570
-153.45273 639.83840
-152.89843 620.31882
-145.94732 618.21354
-159.84431 673.57518
-155.69160 639.41341
-153.96581 644.20652
-148.24047 631.43943
-144.38514 607.36464
-151.61003 630.16847
-168.94957 663.89558
-160.55422 649.56476
-157.65707 635.70413
-142.50146 602.20947
-147.76691 622.35274
-156.39499 646.32656
-166.46110 648.56151
-151.12325 664.22254
-165.44336 665.23217
-161.16933 671.68058
-135.19048 592.71109
-139.16467 622.20544
-158.35875 638.15974
-146.99033 620.74419
-153.71152 637.63748
-157.36835 653.77840
-160.66645 641.88216
-153.66203 647.22316
-154.18909 629.63369
-142.48914 613.41860
-159.42056 660.16232
-150.56385 642.66005
-158.11906 639.74000
-155.06319 633.03138
-143.58800 627.21223
-142.83536 606.85373
-144.23496 634.00127
-150.57337 621.94887
-161.73547 678.51794
-145.07231 623.39271
-178.73552 674.22609
-136.56610 601.98394
-143.38420 607.56178
-162.89606 669.31197
-147.56768 625.56437
-132.57039 573.50952
-160.34454 650.33929
-131.77936 584.02020
-161.75340 662.72871
-142.07625 609.08545
-163.69556 671.87231
-171.57633 679.84374
-158.64978 630.89148
-151.80226 623.71879
-149.84859 612.33826
-167.43287 672.79372
-164.38131 669.17395
-160.01813 635.43768
-166.72855 653.80602
-172.41360 684.86972
-159.89172 674.50158
-155.02815 640.36180
-145.89247 636.16081
-146.11294 610.23822
-137.09849 607.83381
-155.48668 626.83064
-172.18280 669.54962
-145.39355 618.85351
-182.43732 690.27679
-161.96341 649.55184
-160.81449 660.47448
-156.23876 658.10105
-153.69284 623.57608
-163.82378 667.08463
-167.11973 669.77693
-139.14717 613.05455
-144.84704 611.52502
-158.52359 630.32711
-145.13149 604.77875
-141.58163 614.40845
-155.28709 646.24140
-165.81119 666.83444
-152.97530 645.77185
-163.92723 653.65156
-145.24573 612.83337
-139.52985 625.54244
-157.48511 639.24196
-156.45344 659.35936
-161.08536 662.45797
-141.74341 639.17824
-150.74982 638.46724
-147.15362 633.01556
-160.80939 651.21480
-170.16691 665.99877
-160.83530 649.17678
-136.43894 582.85662
-158.80595 655.70985
-166.54263 634.35153
-148.65118 616.78653
-171.12853 673.90268
-164.86187 652.47477
-162.68616 631.02285
-160.04423 653.75160
-152.47172 664.98988
-154.16579 632.96857
-145.81568 625.84816
-164.06046 643.20140
-149.66790 640.02762
-170.12782 647.78312
-149.55736 632.73359
-147.71726 609.76336
-154.79147 642.71109
-146.96982 618.86209
-156.71584 639.49958
-166.82398 658.66872
-144.63808 623.20966
-164.94324 662.81191
-167.95351 684.18085
-150.96429 629.67167
-146.14815 634.52234
-154.28590 637.75615
-158.72034 640.92956
-151.75304 639.58164
-144.85991 620.40370
-157.20697 651.33551
-161.15024 664.93509
-153.63750 634.47840
-147.15604 619.38976
-160.72319 654.27186
-154.50146 631.20239
-149.05572 634.55682
-158.39751 654.01942
-140.81105 617.47001
-165.94612 675.52244
-155.42729 639.69838
-145.74322 617.84513
-153.47932 615.75777
-151.95104 658.73960
-172.19681 657.09555
-143.15275 622.42650
-156.71771 683.36212
-140.67293 604.16529
-176.25177 684.40106
-157.99827 655.20647
-155.30250 632.25224
-161.90406 647.80080
-162.98469 661.43502
-150.96128 615.54204
-181.31537 682.91558
-134.54870 610.03086
-142.06834 618.04436
-173.02674 682.58437
-157.35453 622.58312
-167.50075 675.82770
-168.07355 673.90133
-138.67782 599.87989
-159.76630 667.96295
-143.71527 621.01519
-146.59570 629.23413
-151.17962 635.22074
-143.56158 633.29361
-155.32719 635.36315
-156.66724 640.39138
-141.39789 615.67806
-158.83646 646.15148
-149.72150 632.17525
-157.02760 633.45146
-150.24285 625.92044
-173.29993 688.04238
-148.52347 631.13756
-162.55806 641.97496
-158.57587 655.78839
-150.25173 640.87311
-145.77206 620.14138
-168.54810 657.38723
-143.53097 614.78213
-158.10905 635.28151
-151.37384 620.88153
-143.97465 635.23500
-151.07976 631.05470
-155.79703 648.62914
-159.39467 657.06413
-145.59991 630.16690
-137.59863 606.63818
-141.20817 607.07592
-136.32011 607.82872
-144.65822 604.11699
-167.45048 666.53014
-159.72603 644.43934
-151.70605 638.45385
-155.71695 651.71774
-172.26043 683.02738
-152.67448 637.41722
-161.68493 645.92319
-156.59232 633.06383
-172.92269 667.16431
-160.34914 642.38456
-138.80963 595.28924
-145.59196 621.79052
-177.61661 702.82882
-162.64773 646.29767
-154.30231 634.12203
-147.70701 640.58757
-152.42357 642.07197
-149.73089 634.16410
-157.77593 657.90250
-165.32688 663.37664
-162.51611 661.45361
-137.46235 599.32698
-143.04813 612.28305
-156.35228 653.75044
-148.46656 638.76149
-157.40552 648.98974
-149.36312 618.15332
-146.53726 618.65475
-176.86536 704.92248
-140.39974 602.21656
-173.42567 651.93154
-167.62460 668.14187
-160.76316 653.38811
-144.88241 618.11597
-148.36072 627.94497
-153.88240 629.69310
-163.33550 656.27677
-149.41317 640.18872
-162.88833 668.28925
-172.30499 692.11200
-159.33503 654.48726
-151.54864 631.16986
-175.50300 681.07640
-153.14817 635.78264
