-169.67665 611.35188
-163.54737 609.91853
-195.47921 668.67328
-172.49402 641.89792
-177.81022 624.51598
-173.44340 615.58824
-173.17515 608.61809
-144.44770 559.71700
-164.23489 594.46921
-148.40464 563.51064
-178.91426 635.17280
-185.67614 635.82995
-155.13061 595.72193
-171.07512 617.14995
-174.84168 632.17656
-139.72838 559.15342
-164.38230 601.30169
-166.29375 608.81431
-170.28063 625.57477
-160.04240 600.60408
-162.19676 598.35283
-166.91928 620.94302
-161.33244 592.59568
-170.58545 625.88039
-157.14126 575.75290
-167.86696 621.06572
-188.00194 651.85719
-167.71859 602.51810
-156.00491 589.06542
-162.91102 608.31013
-162.65833 604.35890
-171.58436 620.05477
-166.53878 614.70075
-173.35929 626.92946
-178.83129 636.28983
-156.38969 589.76949
-173.32189 628.32492
-160.34570 608.67242
-169.46150 618.59895
-139.00534 564.45922
-164.96317 615.66677
-164.36379 614.29386
-169.17241 610.49842
-176.05555 631.08644
-186.18510 656.09083
-176.05609 620.25729
-138.81600 556.85999
-142.35471 563.73747
-175.44624 615.28758
-166.15102 598.77729
-151.82000 593.21497
-172.58443 640.95448
-173.17943 639.92634
-176.96790 625.36699
-149.43962 592.92732
-176.24152 639.79900
-173.85170 638.03984
-161.88115 602.27354
-159.07076 593.28241
-164.99348 608.19683
-180.40303 639.17381
-161.36443 612.38688
-166.96456 620.61075
-170.15355 628.29661
-151.30420 566.31631
-145.02130 576.71725
-156.63258 581.22365
-164.53790 615.88343
-189.97929 650.74968
-181.99767 638.42679
-175.19799 625.26456
-171.65451 633.59826
-159.99785 608.21363
-156.24320 597.89861
-169.08483 617.42798
-161.41008 597.35558
-176.76430 631.69661
-166.00325 620.64845
-175.65305 603.29934
-188.37488 648.05443
-174.69327 632.69402
-179.51594 631.44063
-175.34376 626.13997
-178.33524 640.72170
-168.07414 599.63332
-175.34568 645.43025
-172.93058 628.71346
-173.90687 631.30275
-159.73109 587.52891
-153.10166 580.13823
-150.52603 578.42700
-167.23524 613.18392
-163.33186 595.27898
-162.61479 594.13963
-181.42632 625.01502
-154.98014 589.43615
-172.90184 615.41362
-162.41584 599.97847
-174.29154 638.39806
-164.57356 623.56495
-180.51162 629.27851
-165.14344 608.27589
-164.20694 598.25759
-166.81950 602.09138
-181.83492 632.55866
-156.77523 610.26715
-177.84789 625.15336
-153.52430 572.07353
-178.91900 641.58460
-172.11287 621.98576
-172.94017 604.71363
-157.19047 589.19518
-165.94662 604.48880
-155.57531 579.26645
-149.73016 564.42907
-154.23779 601.07092
-168.14946 609.66829
-157.91494 597.22950
-177.93002 630.26816
-148.92546 594.33235
-174.91244 644.66471
-176.52938 623.50657
-150.55792 574.71109
-161.49972 616.84363
-161.23480 594.62252
-176.11241 639.75206
-167.45201 606.32731
-167.49776 614.62696
-189.81243 672.04728
-145.32407 587.49993
-159.20321 597.18317
-190.62096 668.83384
-149.82203 588.67366
-164.81366 609.69964
-161.79765 593.39625
-153.74838 589.43045
-169.57013 622.31960
-158.51119 596.83478
-158.85253 604.34103
-179.81247 626.88946
-162.32207 596.68784
-176.40760 651.93508
-163.28721 626.33198
-166.57361 601.52673
-169.81974 624.76601
-179.25322 645.83125
-172.88821 629.20670
-166.54061 612.01856
-170.22977 636.08019
-165.44100 605.74167
-176.24484 614.69046
-161.14280 616.34960
-147.35419 579.17113
-167.91192 613.43661
-154.84474 576.43956
-167.89164 628.58769
-156.75385 593.86714
-174.82101 628.27606
-182.92636 629.75830
-154.99952 590.52697
-173.30060 637.86080
-162.22683 599.27146
-180.75877 646.53832
-171.48230 625.40911
-183.56372 655.99139
-193.14599 653.87002
-175.23176 639.51866
-165.26569 607.40582
-171.52245 627.53803
-166.76518 619.37473
-157.92114 598.34818
-164.68528 612.46895
-168.63152 610.92976
-180.20995 633.09876
-163.92829 616.26830
-154.74507 576.71138
-171.06710 622.25629
-172.48654 617.11892
-170.01012 624.11143
-177.36068 622.85849
-162.45957 593.20141
-177.92332 636.95522
-146.59221 577.63889
-173.15016 625.25066
-169.39369 622.32509
-180.13495 649.53616
-149.15109 586.13678
-176.81972 625.74787
-165.71313 616.51016
-187.28838 651.98850
-156.31362 593.51426
-177.61619 620.08641
-185.03781 644.66378
-162.90645 610.69575
-199.28730 653.48012
-155.17237 584.89833
-170.73671 623.13203
-152.44355 586.18416
-153.65536 592.48892
-172.50274 637.80591
-167.95207 621.41877
-183.83911 629.08630
-170.57149 593.05359
-174.73687 619.67609
-175.25072 632.09260
-172.64435 618.50887
-163.04931 604.87078
-142.66938 566.09960
-184.68631 659.44912
-170.52199 635.29935
-172.93908 627.64944
-162.48270 614.86736
-159.61972 573.19326
-169.00303 605.28633
-181.29549 641.34114
-148.01408 571.33015
-172.79345 625.28891
-148.11148 579.47405
-177.41447 637.73927
-180.87639 634.66957
-151.59287 594.27562
-182.06612 648.10084
-167.70273 621.53326
-158.53423 596.58151
-137.28422 563.04250
-175.77234 616.01693
-163.45693 604.56451
-173.30981 625.32943
-171.84849 604.00917
-172.57842 631.66068
-164.73531 606.04902
-174.99529 633.19392
-182.47098 635.26040
-160.69865 601.82792
-168.93839 610.81145
-175.01628 606.57158
-160.70107 595.42680
-189.75075 643.97611
-150.44236 570.60658
-158.43349 578.31839
-177.35696 638.77856
-164.55729 610.32625
-174.39670 622.61626
-162.42426 611.25845
-177.04128 628.14167
-155.92133 591.73253
-175.90360 626.08012
-175.18892 633.05567
-162.98741 607.81953
-180.34190 651.07100
-178.48665 654.79695
-169.22169 632.96800
-201.64702 658.10758
-175.94064 617.50287
-170.79203 620.28322
-165.05398 609.55191
-172.28370 618.31996
-195.75788 646.59190
-162.98977 609.86896
-155.62055 591.71587
-168.62455 620.28649
-193.36152 687.07479
-167.14380 607.43630
-161.67239 595.86874
-158.81104 591.88671
-162.67116 601.80894
-166.33044 625.12686
-179.24443 636.18180
-189.59195 644.50808
-173.54240 630.12935
-161.62977 610.84896
-177.99857 634.75316
-151.53034 591.43261
-157.58852 599.48905
-159.96029 596.34463
-178.22130 626.98841
-167.19490 613.11845
-154.32610 591.26569
-161.34548 609.66095
-143.57976 580.98314
-150.65526 582.25254
-165.67536 600.96819
-165.69180 606.30035
-163.34178 613.40727
-148.44207 572.42511
-168.64861 618.56745
-159.68690 590.74440
-166.21333 598.37627
-171.91099 612.42073
-141.78038 559.93467
-171.15660 624.36991
-145.63849 578.94326
-175.91525 615.30496
-189.44297 651.04073
-159.85865 604.17653
-152.82651 590.29476
-166.37261 610.05386
-179.54779 634.95081
-171.29446 620.61658
-169.56942 624.21894
-171.19214 613.77905
-151.90147 581.28709
-171.76224 599.50457
-153.33312 585.98007
-184.46358 658.44113
-161.04502 609.03573
-174.03720 625.76800
-140.28390 551.08966
-176.27083 626.81450
-189.78260 659.26506
-154.21390 566.49303
-149.80820 582.31383
-169.99806 617.94642
-167.82572 612.30956
-164.34908 592.29321
-167.43624 609.83390
-140.74243 562.04901
-149.45332 579.00404
-168.24224 616.82593
-174.27551 598.23461
-166.67135 596.37104
-158.32821 593.34961
-159.35235 597.12185
-178.63375 627.03596
-168.93392 618.99418
-129.99031 539.44947
-179.65867 650.15712
-170.18428 624.34791
-157.78271 578.72772
-174.96524 617.05148
-171.14949 611.53746
-158.37644 591.75783
-169.58381 604.59948
-171.00018 630.94354
-175.98578 627.97070
-181.84662 618.26854
-159.87419 622.28584
-159.79108 603.29754
-167.10411 631.20369
-170.25317 628.48480
-158.52023 602.15094
-181.51244 627.13513
-163.69018 587.96442
-166.72095 613.34386
-171.66800 619.27944
-164.04019 616.61700
-183.99105 629.19601
-167.10816 624.59786
-156.53148 604.71345
-155.33690 591.48954
-160.40077 583.42362
-170.51572 608.36797
-176.15116 638.98503
-178.41313 621.31435
-170.42641 622.74879
-167.28870 613.32259
-171.31748 618.69146
-136.19931 556.38201
-166.34141 636.16194
-179.25026 650.53803
-154.99724 582.64241
-169.88055 626.42508
-163.04941 595.63787
-162.59606 593.50479
-163.98067 604.05317
-174.91432 641.04817
-162.92950 606.26055
-179.05898 635.77692
-175.37909 632.16266
-172.36429 628.44344
-154.42077 596.89832
-171.06265 600.08413
-178.37502 650.14481
-161.65450 596.28516
-148.86336 582.83939
-162.83601 610.47013
-163.07745 601.32513
-170.87114 617.21006
-155.98812 597.30897
-162.15851 602.47195
-161.59320 604.18176
-152.93146 588.73595
-166.74502 606.09018
-164.48112 605.81517
-148.27640 566.62288
-169.19529 606.34004
-160.44432 594.26249
-160.54038 617.12350
-165.79188 608.75512
-167.54339 613.33496
-160.50072 611.83845
-183.60656 638.96381
-162.97082 606.80982
-165.61183 596.62199
-170.39971 633.25296
-174.86698 638.98833
-159.01880 593.18758
-166.34084 616.82712
-172.78371 627.16666
-159.91529 585.78804
-147.50521 590.85105
-153.22158 578.29565
-168.44589 606.05838
-185.48567 649.99040
-150.64709 584.82492
-177.04124 635.68434
-176.58226 647.13237
-164.33929 608.00546
-171.79292 622.35301
-149.40508 580.78174
-161.12752 591.23630
-180.84158 630.69604
-175.20549 626.51057
-199.17396 646.06224
-167.97343 605.92091
-178.58274 631.89552
-179.46143 636.32687
-171.46503 614.57814
-165.87823 612.77868
-150.59606 594.00227
-165.43687 599.54201
-178.23763 614.56595
-152.33423 577.27129
-183.24859 639.68619
-178.33088 639.46815
-157.32548 602.00908
-159.92434 602.72758
-161.05469 605.63259
-160.42833 601.75343
-142.59004 563.39659
-159.52869 593.28549
-157.47958 588.90768
-174.52093 629.44946
-170.86375 604.92720
-158.31338 597.82080
-181.29330 635.21679
-180.60720 648.98554
-165.19285 611.11501
-174.16714 608.73202
-161.99717 616.76927
-158.41965 623.35809
-169.48321 620.85730
-169.65006 635.50188
-152.18860 575.76522
-157.74564 588.21047
-165.31678 610.05627
-174.49951 633.68939
-166.02542 602.91098
-171.69188 641.10277
-177.70538 629.53552
-168.84686 609.13363
-183.76667 638.54186
-169.75368 623.95667
-153.83135 593.32065
-151.59903 588.53311
-181.67791 642.68649
-160.63148 605.35454
-174.25725 623.15211
-161.41595 599.80200
-161.23513 613.46830
-167.11999 620.14236
-160.88267 612.36672
-193.44548 675.36577
-155.14341 572.65764
-170.39552 612.78129
-164.01949 605.78592
-176.90246 626.92038
-169.05074 606.36487
-177.03252 626.69330
-172.47833 627.11203
-163.54573 612.78544
-170.30160 618.58780
-153.91642 588.90693
-172.20350 621.16314
-160.41985 599.71592
-175.25625 645.74572
-180.95969 647.28820
-152.11006 587.43028
-170.12818 624.42476
-177.53909 636.74856
-152.25512 584.94101
-161.72109 604.95801
-161.70191 601.68480
-167.01335 608.19401
-176.86656 629.31389
-179.68171 644.57903
-171.36488 622.84389
-187.02978 644.78598
-162.92430 610.91954
-165.38433 627.36795
-169.85483 614.00725
-180.54955 644.11695
-146.05171 578.24806
-158.49943 607.90141
-175.53356 633.37192
-167.30448 627.24605
-176.46096 628.65225
-181.42215 663.83404
-152.45553 586.66715
-154.61988 592.62520
-159.88409 607.92288
