-179.56593 584.05748
-184.48915 601.79680
-186.73282 603.58379
-192.75778 609.66546
-179.22976 593.01227
-161.73725 560.73409
-178.43287 576.37626
-199.23771 622.34706
-181.81520 586.73320
-186.58135 598.23124
-184.24744 608.60472
-177.53818 586.52187
-170.51135 551.41159
-199.23774 610.97035
-179.31217 588.02202
-179.73111 598.48864
-173.44306 579.81182
-206.80416 620.12491
-193.59200 599.35929
-187.52272 595.72041
-185.64359 599.09099
-189.04280 602.02314
-187.85194 605.39177
-179.28770 601.24691
-170.52602 556.87974
-175.74800 585.37904
-175.48397 572.21677
-178.83056 586.08383
-196.41049 615.62921
-174.08970 590.95833
-173.25115 574.16602
-194.59612 625.39274
-181.82957 609.20390
-165.44733 571.00554
-182.08137 609.97667
-194.91583 603.84601
-196.74799 617.61870
-186.87214 602.25326
-196.05238 607.36131
-192.05952 595.75316
-184.01802 589.94651
-197.74273 630.97882
-163.27302 569.81462
-180.48526 585.51763
-192.92162 598.48981
-180.04426 592.50954
-180.03524 579.02103
-188.10111 596.42482
-131.44007 580.54915
-178.99675 595.30207
-182.13051 592.70475
-188.34845 594.12841
-192.46177 602.46761
-191.41715 615.24859
-158.32111 564.62060
-191.25133 634.28907
-187.97580 616.39358
-178.80289 567.31661
-182.10708 581.68396
-179.59884 589.88486
-198.02236 610.88892
-169.48820 567.14858
-173.81719 569.88205
-164.59080 563.75411
-176.56072 580.86109
-188.18078 605.76053
-187.41946 600.86856
-198.74609 618.14957
-180.72681 599.18182
-177.89492 584.83311
-164.22380 568.18824
-182.04934 589.16528
-189.02645 612.74060
-179.75993 574.93034
-177.18449 578.79557
-171.46007 566.84012
-182.53205 598.61239
-189.06061 601.85204
-186.74776 612.65714
-179.19225 585.00809
-177.96738 581.91170
-190.78152 608.37060
-175.06822 571.02940
-178.34148 581.69516
-191.34764 613.82728
-201.76107 618.66516
-184.04162 599.24728
-189.84099 606.61881
-160.75987 555.36973
-172.99213 571.59673
-188.60607 593.97293
-181.43547 585.56746
-167.79471 564.20476
-172.89804 578.98337
-169.56708 565.22448
-180.37919 593.59053
-170.98049 563.29425
-183.80429 608.44799
-204.86062 630.54376
-176.57759 581.74738
-170.53302 567.36221
-206.71129 644.93312
-189.43971 601.10201
-175.47068 603.87407
-181.87743 600.46158
-189.32387 590.73179
-189.24486 605.15858
-167.32146 573.45597
-187.38727 599.91894
-170.53233 562.02622
-182.18155 589.59771
-168.01857 580.80196
-190.20161 618.03285
-188.21853 598.39306
-166.79763 581.80670
-199.86412 606.72942
-180.70572 596.58435
-171.28108 555.25019
-201.57737 611.58776
-173.12100 568.88797
-169.91657 554.99187
-185.21813 610.24067
-211.68780 618.12155
-179.74250 585.70818
-192.00030 619.12661
-174.39049 575.93214
-208.00852 645.38088
-185.79898 598.39523
-178.93751 598.57784
-183.45849 598.50675
-192.40657 606.28468
-198.15568 604.29540
-184.18681 590.34337
-170.29952 572.01383
-189.40234 608.52841
-196.00655 622.07227
-161.57447 552.45372
-183.27047 596.80167
-174.34669 579.55000
-168.48787 553.80106
-183.13223 583.29675
-199.40354 623.45446
-171.42665 578.41813
-181.10458 604.29034
-170.67969 561.00774
-183.83162 588.31797
-190.97842 610.87146
-167.16982 559.92295
-181.62819 587.69236
-190.52629 604.57975
-161.65804 557.57856
-201.15572 632.61011
-157.09603 543.69364
-172.51421 581.00541
-170.50516 569.44060
-182.02995 593.13273
-185.64397 596.60880
-156.80116 547.23152
-175.09402 582.03027
-186.89635 607.77491
-177.81661 580.55427
-167.33529 567.04473
-175.64071 589.18836
-175.01470 544.54498
-161.02370 559.73866
-189.38881 610.26417
-157.65820 550.44449
-180.60024 600.12721
-195.77435 600.72122
-164.35968 567.67242
-169.35889 567.33343
-175.01658 572.09615
-172.93444 569.74588
-188.32586 595.48072
-164.17618 563.13415
-196.78359 592.31007
-181.26204 593.01468
-199.86586 601.62290
-175.60847 582.24547
-170.08591 581.48928
-213.92223 637.15897
-178.54498 575.66046
-199.35170 618.13225
-165.77185 562.37627
-168.94576 551.42341
-182.60873 596.87750
-182.19166 574.47408
-158.57518 548.48524
-180.51802 588.06532
-172.92946 583.31361
-184.04452 609.59250
-184.59572 586.55921
-169.34232 560.85067
-185.61276 593.60336
-173.37812 570.48458
-190.04591 601.55253
-174.73086 570.99897
-172.78648 562.38933
-174.93358 592.32762
-161.80177 561.39409
-158.95637 539.44875
-200.49510 639.01640
-178.66544 585.45651
-180.24918 591.94820
-188.95735 606.16841
-180.87392 593.73627
-200.50008 610.80066
-201.30926 601.71039
-177.00989 589.84005
-183.64007 583.88925
-183.14204 595.41875
-188.06995 593.50136
-171.37326 581.27917
-152.72090 528.46718
-145.30527 533.71630
-192.34523 594.99516
-183.80036 581.35271
-165.63688 564.92568
-165.61849 561.76950
-187.03219 585.15756
-161.81353 547.88660
-148.60532 527.79214
-173.18548 568.51263
-164.21768 559.33020
-182.38065 589.80673
-194.15210 614.61819
-187.74337 602.60929
-171.43708 577.57472
-163.24899 563.14120
-179.23140 590.48673
-172.58185 586.69548
-184.74247 596.63152
-178.22375 580.89710
-170.51254 566.81882
-175.24245 579.95741
-168.76395 567.65716
-164.21937 560.89021
-176.14657 574.86456
-185.91085 586.15357
-188.86972 596.67014
-182.11813 588.92456
-203.01604 612.66456
-167.70645 571.48458
-193.42270 604.85570
-182.60382 601.84188
-176.08380 578.43219
-206.74103 620.82748
-177.59953 570.60798
-156.22189 545.35614
-159.23831 549.37304
-187.18995 622.32961
-189.54116 612.23538
-178.70371 585.40300
-175.69159 581.66385
-186.58317 600.49990
-167.40106 561.95291
-168.65398 567.95566
-183.12566 585.93775
-179.32470 605.62995
-167.59134 558.11931
-189.47527 600.70932
-185.68860 582.77138
-180.72124 582.56693
-208.57211 619.82053
-188.49488 615.69103
-183.83940 596.50352
-179.03253 587.18603
-167.00611 572.82628
-163.11830 566.07008
-173.31022 571.08568
-175.46165 579.48653
-185.96898 590.11204
-150.52375 538.76637
-184.59540 593.75744
-183.73439 590.30482
-168.95282 561.50802
-200.78769 602.29003
-180.05572 598.63254
-192.63866 606.14402
-169.96687 571.97691
-177.60520 569.52428
-189.23874 602.65627
-185.94976 577.15061
-184.19332 598.88290
-166.00599 554.00234
-173.88667 575.32844
-152.09625 542.75634
-164.09964 569.08431
-188.24481 609.66369
-194.16795 616.69942
-173.04135 577.03717
-191.26133 617.05559
-167.89135 559.26383
-170.58771 576.99194
-193.13474 619.83083
-155.14074 546.39423
-162.58976 556.27129
-180.40671 576.98358
-166.23619 578.26320
-177.61927 578.22859
-178.91468 593.23128
-186.09254 595.69316
-185.98739 590.29431
-188.10792 609.61071
-187.73542 621.63835
-198.20303 630.17182
-172.57944 565.78350
-188.24807 605.17764
-160.88421 546.41724
-168.58847 569.07394
-182.78669 596.95687
-160.98884 564.39128
-183.46394 589.68117
-189.04290 595.84180
-190.84803 614.53603
-195.32571 599.59985
-192.95261 606.99490
-183.06809 614.86714
-180.98138 596.48480
-182.14110 586.61390
-189.32667 590.69933
-190.12168 579.85399
-161.90111 558.07371
-202.68860 618.73858
-193.86239 627.28268
-186.19227 597.54890
-172.35061 573.27887
-193.18199 609.35206
-189.58347 600.38528
-183.10770 588.25619
-174.08930 580.26339
-197.64227 635.34329
-166.27686 569.26931
-178.58693 579.75746
-169.89640 573.44903
-191.55697 621.69976
-169.68333 577.17274
-176.01554 564.53090
-170.75364 575.00542
-170.65755 586.09385
-177.40758 596.48343
-209.98636 629.01848
-183.05853 607.16222
-198.13231 615.18244
-185.66336 596.94686
-195.04886 614.28109
-158.68018 565.44875
-177.43150 583.75188
-175.25697 578.52638
-154.83753 520.99959
-163.74479 562.23827
-163.02502 552.03967
-194.68027 591.73437
-176.53088 574.42508
-208.36723 638.11183
-167.94595 567.10224
-186.90257 597.07688
-166.99713 565.28253
-188.49005 579.91949
-194.82041 610.56924
-174.46192 584.10225
-178.91276 589.63874
-182.56894 587.71002
-174.83909 573.53163
-177.37055 576.95326
-191.70171 597.19968
-157.94946 548.90356
-191.35389 619.60115
-179.74545 593.81500
-163.72131 572.68502
-196.27691 610.45838
-184.80356 595.52611
-184.30152 582.28575
-191.06591 606.38972
-189.51423 610.74644
-174.19451 578.31226
-171.70650 571.45628
-193.22733 611.77703
-190.22717 596.80295
-178.35007 594.36151
-170.22808 566.98987
-165.76502 563.49519
-174.22095 577.47991
-170.18514 581.23799
-206.96185 632.84344
-177.40488 585.51253
-172.37904 579.43025
-189.13882 599.37357
-194.49140 621.02624
-186.26460 607.39509
-171.97474 558.71028
-173.26756 566.13270
-182.28214 582.88863
-168.28677 569.32336
-181.04049 599.89682
-177.40868 574.17365
-179.03889 586.31438
-179.09315 598.28142
-186.07876 602.98407
-169.97426 555.27662
-188.22658 600.57972
-198.49217 621.58574
-157.41226 553.84485
-199.89429 620.25393
-174.82590 576.92336
-190.42023 611.82830
-203.78004 621.07628
-178.28628 582.41181
-190.91031 606.42859
-182.92161 601.33623
-192.98204 607.95158
-189.75077 597.51842
-173.34707 581.03754
-164.67684 570.89790
-171.56031 591.81896
-164.52450 559.50721
-173.96356 569.08865
-209.87928 641.89550
-178.76758 596.95907
-167.70070 563.68421
-188.01702 599.50058
-184.83727 591.12217
-162.03507 562.50014
-162.28639 555.16118
-191.58026 604.65783
-188.86754 607.76588
-202.35773 626.79443
-180.11932 587.86175
-166.77450 564.32574
-186.37695 596.71533
-180.82088 592.02836
-166.60185 561.31205
-193.19410 614.91384
-156.14042 547.16262
-182.57698 593.91117
-181.73015 587.44767
-175.96060 590.17224
-179.35804 578.77831
-153.67153 541.41578
-167.72978 562.68346
-165.70636 574.84823
-172.22869 580.59522
-204.73258 639.80263
-174.99772 586.64924
-198.91438 605.19069
-179.67626 570.68528
-178.19368 572.93403
-203.53143 623.91025
-169.44475 582.95784
-183.60533 585.55494
-179.40149 596.75185
-194.13758 600.72597
-160.29134 577.71009
-185.71751 618.13596
-179.03442 587.11075
-191.44844 615.80906
-198.56684 608.77821
-175.67026 575.82208
-197.85718 627.71153
-171.84472 574.14682
-184.02540 604.68266
-171.92160 569.44201
-204.00573 624.65034
-167.87912 581.45648
-166.02022 564.79694
-168.49719 562.14117
-202.07182 648.70487
-171.92502 570.22253
-190.74220 594.57353
-195.97629 616.73236
-170.38332 563.25990
-190.51349 586.89737
-174.34316 585.18491
-180.30187 593.99036
-188.92467 588.81375
-160.07073 549.16138
-172.53734 567.61823
-196.85897 608.23654
-190.56654 623.08968
-173.90017 571.91763
-176.49611 601.70912
-178.85301 589.50633
-160.46932 546.86503
-193.13479 607.43512
-183.37753 587.33859
-169.34319 573.94907
-184.85821 589.42111
-167.71203 559.25141
-142.06578 522.56446
-176.56151 580.74119
-155.78927 542.46860
-204.50450 615.26759
-162.26447 556.65194
-195.66105 613.36415
-186.18202 600.17253
-171.19066 563.15510
-194.83862 600.27044
-175.42233 565.04950
-204.91905 634.76963
-181.91224 596.88151
-188.26824 598.69891
