-181.32465 535.56457
-188.76584 560.10506
-179.12823 547.72280
-196.80189 577.23243
-189.80174 564.15523
-163.04206 518.84044
-194.26161 565.66292
-200.09208 564.56648
-182.28011 532.63538
-184.61535 563.38855
-205.01285 571.37719
-195.65083 588.34355
-188.38676 555.83760
-186.85274 555.57068
-182.16928 542.24780
-209.84770 588.29838
-197.49856 588.76236
-189.94050 550.54546
-165.80612 533.94323
-185.14835 527.94530
-206.24102 592.27528
-200.93137 583.57399
-176.15507 543.95839
-175.51927 528.71306
-178.63716 529.30415
-190.16032 553.08284
-175.23336 533.20453
-200.81973 587.75449
-187.40995 570.30096
-212.98301 578.62761
-183.64875 537.63783
-162.96026 517.41196
-195.96861 571.31187
-217.60813 590.77965
-198.69738 579.50757
-187.61903 556.14229
-209.25873 578.39267
-185.46112 559.81243
-203.88193 583.40392
-191.03287 557.32223
-179.55408 546.19844
-187.56626 560.30169
-182.09482 535.87652
-202.01094 583.07121
-208.56013 576.60567
-178.99755 554.59164
-163.54814 527.13346
-214.42605 604.90995
-190.68923 575.19098
-177.28053 519.10649
-170.17283 531.77784
-202.44638 576.11124
-198.26282 554.63933
-184.52278 554.68233
-168.36363 530.44554
-178.58392 528.43792
-202.84374 560.78333
-197.89942 582.54055
-199.37579 560.12805
-200.29476 569.78308
-211.18876 579.84452
-184.87325 551.44083
-194.57667 560.06800
-213.90901 589.59129
-188.43007 544.05098
-192.88270 565.76845
-179.36828 545.44363
-196.87892 561.41383
-198.45913 571.96487
-203.33877 574.67117
-217.73255 603.28831
-171.25349 536.10713
-181.73722 528.97423
-199.91810 580.22566
-197.47584 566.54991
-210.29678 593.74027
-185.98603 545.79415
-177.57351 539.42468
-175.25995 530.55014
-203.28440 572.14760
-193.72745 566.39904
-180.38001 535.51061
-186.48434 563.26794
-223.86553 620.81360
-193.56750 568.43789
-174.44011 542.07878
-211.32225 587.32368
-205.61899 571.06237
-167.28798 519.50864
-219.16714 599.99442
-194.50540 574.40969
-186.77600 565.00659
-190.58640 550.45431
-166.59194 514.24433
-163.32892 508.95150
-179.06616 537.46759
-188.79613 563.01261
-200.50774 571.22580
-188.41747 552.49442
-213.09063 586.94373
-177.07921 521.79405
-193.28786 571.29407
-213.30585 580.31899
-182.27977 546.96949
-187.32205 550.13373
-204.47516 583.14264
-183.34356 554.19961
-210.05657 588.70509
-198.48854 570.94810
-177.99156 544.66233
-190.49261 553.01043
-193.44580 569.33798
-173.89447 531.21820
-214.35000 607.21387
-195.36782 575.66116
-190.86517 552.00058
-189.52327 567.15757
-179.84958 558.33209
-181.85293 543.09519
-193.94551 552.79920
-211.88868 595.42119
-179.12614 531.85317
-187.55780 559.05480
-184.02166 545.98215
-161.55060 524.28116
-187.27570 544.22310
-178.07687 535.25958
-201.90097 572.61426
-199.26704 576.22905
-173.56070 535.31918
-198.56886 569.30522
-203.44472 572.51402
-195.68078 569.91587
-170.17326 542.13597
-184.75012 540.03146
-195.78352 573.31144
-199.67282 591.39126
-199.71284 574.59749
-190.15184 559.40614
-214.53664 601.73456
-187.03569 546.58714
-182.96659 540.26958
-216.44725 586.27455
-180.92726 552.68818
-184.05763 551.12007
-208.70411 599.96147
-179.95769 532.26261
-191.46234 557.41034
-197.71345 561.50398
-184.83159 543.10673
-189.97668 555.56763
-177.95933 546.61070
-216.51815 588.87412
-181.40727 545.48595
-190.05130 555.62670
-174.55215 544.87079
-207.85614 599.33618
-161.50693 503.72244
-192.78080 567.49905
-193.95319 559.00902
-176.15080 528.85361
-206.89854 586.47109
-192.00720 564.52960
-187.56420 554.90519
-201.10704 572.17273
-185.26363 558.05716
-201.40642 579.50114
-194.74811 560.04214
-167.75019 528.35494
-214.11448 600.74337
-175.87345 550.13655
-199.82223 566.82687
-206.58960 581.00342
-179.49695 545.07080
-204.97081 581.74055
-188.45018 556.90879
-197.62519 575.17574
-191.36284 561.67664
-176.21127 536.98940
-197.40282 557.25220
-204.86045 571.80065
-195.22602 561.18053
-217.50727 605.96987
-201.61131 568.40877
-185.38860 542.52021
-206.42061 587.50232
-193.09941 581.50066
-209.32305 581.36008
-188.96462 565.08530
-194.21900 561.81820
-209.79906 606.45993
-193.48529 552.54031
-186.38737 546.18825
-175.27229 541.92317
-216.68633 609.72815
-179.47545 543.69447
-205.06004 588.59175
-204.67258 582.54793
-179.44393 537.42899
-218.24341 599.81420
-200.65126 571.70631
-189.86924 554.18798
-178.88790 543.39294
-172.45065 535.88128
-217.55952 603.49013
-207.88035 579.93147
-180.01958 554.02051
-199.14962 571.57987
-181.59925 552.88695
-200.64314 558.72111
-195.46838 559.83130
-189.49013 554.23524
-181.11884 537.02547
-176.78489 541.44765
-185.04287 555.25968
-203.61099 568.39154
-194.33424 573.07508
-178.42350 541.84780
-214.20028 586.09470
-195.06946 571.79760
-187.25783 556.30066
-199.23427 565.63804
-180.03206 528.41648
-199.57880 573.87179
-218.60315 589.75570
-187.77400 544.08275
-173.44342 530.33410
-201.76048 591.42098
-196.20010 569.68203
-210.06771 564.45026
-203.07009 599.03080
-199.82405 577.13295
-167.81227 531.28120
-186.81828 553.46712
-223.54169 603.91753
-195.92938 565.20965
-192.20088 559.41795
-207.01724 602.44656
-213.98072 605.01046
-211.01486 589.45818
-201.58136 572.34057
-174.26243 533.60177
-184.73066 551.52312
-188.68177 561.26205
-174.14947 540.50513
-199.70227 589.77669
-192.15441 558.50357
-219.82636 607.46391
-207.53533 596.46384
-197.20101 579.31824
-178.79990 541.11574
-219.90811 609.05301
-184.29516 544.40714
-183.43304 544.42868
-210.49085 591.56670
-201.32440 584.26163
-212.59806 583.71062
-211.65445 591.01809
-210.91074 580.74413
-188.30465 559.31204
-203.82691 588.04314
-197.70505 563.54198
-182.69033 546.07914
-205.83748 583.56592
-192.76435 549.66402
-184.24371 544.52365
-200.10595 573.48761
-193.83498 576.16859
-200.20866 563.52235
-206.56431 586.01634
-189.25805 544.07159
-205.82359 592.72148
-184.29836 543.86524
-194.89515 544.95323
-192.53838 569.92124
-199.18546 572.83336
-180.98875 542.72523
-213.93809 601.63060
-195.40817 563.16546
-231.76439 625.75730
-199.99002 571.01742
-199.17536 581.65285
-192.03854 565.55987
-191.89441 578.98574
-207.29335 566.52452
-188.73091 572.47511
-187.27022 570.45112
-201.34614 580.31169
-202.50782 576.34065
-197.85077 558.60872
-182.27808 548.75781
-211.51745 590.79517
-215.62370 592.48441
-183.34538 545.29560
-205.37664 571.59195
-211.95505 597.46444
-215.75779 593.28807
-178.86864 527.50391
-170.91136 524.89888
-179.40757 551.99516
-182.88023 550.33812
-204.38604 584.27631
-175.33597 531.34509
-192.75934 570.94131
-187.16205 534.37017
-207.85228 594.32261
-202.48566 573.73590
-189.76802 561.87046
-200.33075 567.88183
-217.81492 604.45913
-199.81504 543.83156
-218.76219 604.71073
-185.58954 561.19732
-192.16728 572.50224
-179.66196 540.40518
-195.57597 555.65794
-179.93969 551.94375
-183.97287 538.91458
-187.22029 547.40932
-214.46229 589.55647
-187.15485 562.59368
-203.33922 569.07398
-217.94152 604.08161
-202.58907 581.42481
-193.58442 582.09529
-198.79467 577.16855
-195.00334 567.89623
-202.11678 567.90159
-189.99254 556.26740
-190.42500 556.03346
-188.15899 542.42422
-165.14005 505.21056
-193.23398 545.31686
-188.07673 564.16032
-199.94342 583.91686
-215.85144 583.26382
-185.54994 551.58430
-181.20033 543.78069
-180.13981 555.29289
-204.08800 581.59547
-216.67641 604.10432
-194.30754 559.21501
-199.70839 580.20609
-203.42381 593.35157
-209.30751 591.06019
-201.77632 570.49672
-199.88564 566.85318
-189.27555 557.20815
-190.13429 565.30647
-192.45605 559.85627
-196.03009 573.32168
-189.75031 551.57039
-188.63317 565.00009
-189.35225 570.03886
-199.44928 562.24728
-197.77729 574.33388
-202.56036 577.51236
-187.55636 546.12631
-178.70048 545.79613
-186.73935 557.54445
-193.22110 559.83575
-212.72911 588.45414
-177.61609 543.79653
-183.59235 551.34542
-192.67156 572.93417
-190.99174 561.49849
-186.12565 559.53349
-190.50037 555.86071
-195.78956 576.66926
-188.02428 564.61353
-197.12821 572.21089
-206.20814 587.87099
-190.90114 562.78031
-191.74859 566.59354
-176.92368 546.07500
-213.27919 592.16978
-187.53522 553.17229
-177.75693 535.06408
-198.60785 597.52913
-183.31678 551.22185
-167.66280 534.35343
-186.47696 544.63472
-178.96263 533.39085
-181.99845 542.26696
-189.21440 559.02791
-189.35337 568.35759
-205.57866 584.26902
-186.21813 556.86334
-204.65788 580.52827
-186.53081 567.57920
-210.71935 585.20011
-209.29515 584.99198
-200.19110 587.37466
-192.31807 565.74446
-162.95471 523.30969
-190.49935 551.16394
-199.93820 561.86187
-191.68399 567.12524
-203.02921 582.80809
-203.93944 571.56022
-168.93262 529.84322
-180.75776 541.17745
-188.67639 551.22742
-204.26196 582.67157
-185.46707 543.72296
-205.17366 588.75431
-191.84494 562.46805
-204.68804 579.75183
-193.51873 558.49268
-189.45762 565.20464
-219.20197 610.67214
-209.13646 579.75880
-199.28571 567.57164
-186.44621 552.24244
-198.07011 569.25370
-222.91002 598.81993
-188.38474 554.42870
-193.30879 557.82090
-170.05792 534.24094
-199.49121 574.82278
-188.01372 564.27213
-187.94013 554.36553
-204.38394 568.00875
-175.87931 526.52584
-181.50390 549.16357
-179.75689 532.73547
-195.50017 563.43326
-190.05115 562.78746
-179.80674 536.71602
-211.17757 592.86261
-186.22709 550.08025
-202.07500 572.43885
-187.20708 558.59852
-181.04242 547.43530
-180.43742 546.16551
-189.99366 551.64406
-205.96433 557.07299
-195.28157 571.96831
-187.01747 552.79920
-176.48474 538.60037
-192.43134 552.33273
-198.73633 566.93850
-193.66994 576.06077
-205.16713 586.67774
-181.24410 537.78879
-191.67093 573.43957
-181.08963 535.02353
-165.16655 516.70936
-212.42329 590.36122
-184.72326 534.40522
-187.29787 556.62589
-220.22644 604.14172
-183.36039 540.73436
-187.88791 542.62142
-198.49001 560.02424
-184.67851 545.44804
-174.82290 531.29935
-207.85769 574.29602
-180.37144 531.88964
-162.10152 530.57179
-167.01510 523.12927
-170.97646 517.19767
-196.62100 570.34878
-187.12693 550.99572
-169.67378 526.29378
-194.19069 560.73231
-199.80577 565.95627
-183.51223 556.73184
-208.12540 575.99303
-190.82329 539.98710
-194.52441 577.34591
-199.23190 582.79089
-193.82790 556.34821
-194.13921 551.79840
-196.89656 565.74009
-173.52263 535.42863
-180.44783 562.39503
-178.35540 547.88196
-194.59373 576.08834
-177.09756 529.44971
-205.60303 588.42257
-186.18646 552.68100
-187.74988 559.98334
-170.98534 521.66440
-191.16590 556.98342
-195.66953 566.41530
-181.74067 542.19118
-188.91509 555.07297
-187.99595 564.77229
-185.10067 557.10669
-189.41256 558.77112
-195.52176 565.65047
-178.23743 546.32439
-198.16541 576.28145
-185.37178 564.68195
-198.10540 562.00534
-207.13433 593.01362
-195.69008 560.53645
-200.94939 574.08503
-173.08181 534.66510
-212.42982 586.76763
