-217.19515 569.05857
-197.70385 534.11896
-198.77286 540.18102
-188.35432 511.90132
-185.89176 510.44173
-228.33283 567.48083
-202.62142 536.93326
-202.62490 540.29996
-204.54519 539.71011
-184.67982 507.76356
-213.52224 549.11398
-206.74260 521.62458
-209.18542 560.10241
-203.23750 535.36507
-205.31438 527.24979
-185.36932 525.98602
-199.21592 550.03380
-198.89789 521.61300
-200.70774 533.35494
-214.57689 546.24024
-221.82267 558.93984
-204.03980 547.81069
-223.95958 563.07560
-217.10314 551.25965
-183.26076 506.76468
-203.07613 536.17500
-187.81591 519.22651
-204.06809 538.34084
-201.96382 529.79096
-212.48848 549.86341
-226.35567 547.23981
-197.15252 533.11591
-192.75972 512.64249
-223.14389 566.07564
-223.96357 564.64644
-226.99089 568.46061
-223.43960 545.54882
-211.88063 543.15522
-206.87525 534.93874
-207.54455 547.50747
-204.88063 549.86659
-229.34086 564.86702
-182.93653 513.14162
-207.36716 533.18389
-201.50590 524.60124
-183.69971 508.63613
-192.10826 526.91167
-220.91752 552.51946
-226.87655 565.75949
-200.93488 529.27920
-206.50628 549.38553
-221.53150 560.02931
-214.21728 548.74490
-208.75495 553.81206
-189.46841 508.55743
-207.23524 537.81624
-210.82334 538.65502
-237.41305 586.40308
-183.79840 509.71292
-198.88986 535.81460
-209.41279 537.05064
-201.26492 526.18780
-202.77842 535.36220
-211.64838 546.26485
-214.22348 551.53616
-202.93867 538.21702
-199.72022 528.32488
-231.87460 588.91767
-177.90379 495.66438
-193.11544 524.93763
-204.09390 539.11313
-218.71153 572.61497
-231.13010 574.22494
-199.54385 521.98660
-208.94866 549.34082
-208.82235 543.78384
-188.04328 525.05355
-208.97954 536.42130
-233.30185 601.59918
-182.34556 512.66741
-183.66552 519.26972
-220.94381 554.23740
-210.68287 538.94655
-222.70491 566.94141
-186.65040 501.86342
-196.96035 542.83707
-202.85123 529.58852
-208.30408 550.83288
-195.56068 520.18746
-216.86340 553.79632
-201.62900 536.09405
-214.02951 538.64492
-191.24986 525.55913
-226.06899 554.67005
-187.70909 518.49671
-197.00117 532.32411
-192.51920 506.51828
-224.76542 564.30590
-192.24486 526.76264
-224.44918 562.27884
-216.41334 547.18312
-186.35096 504.39354
-164.34270 484.45578
-213.79665 555.13786
-205.27642 539.14554
-200.41018 521.51309
-226.02405 571.93493
-205.31759 542.03958
-194.37459 523.02329
-223.21452 558.81730
-203.78013 527.60276
-186.72628 517.43976
-212.94793 556.39164
-208.13955 547.26739
-173.10800 489.95748
-195.30408 514.27391
-196.95809 529.89335
-224.89810 561.38061
-196.21753 508.19131
-183.81445 501.58902
-215.88522 553.07980
-185.44039 500.28247
-210.56830 545.09179
-219.25079 556.86740
-212.24941 547.45509
-221.78994 572.81000
-205.39641 533.32020
-199.40011 528.79627
-212.62462 544.65648
-200.82486 531.31955
-193.31367 536.72657
-205.72239 539.29351
-193.37532 522.69752
-229.94608 558.85299
-202.42842 540.25712
-222.00748 562.82461
-185.12041 507.08668
-188.06190 517.00227
-173.11260 495.13287
-213.30940 543.74205
-176.29541 497.95437
-198.37306 527.29839
-203.58925 527.60063
-188.50250 514.84194
-206.73302 536.47422
-196.28164 526.58108
-203.28627 544.96095
-181.98263 522.18478
-184.36197 503.41546
-213.28324 547.78997
-207.58491 544.38401
-179.83948 516.43999
-209.84231 548.55438
-193.75192 516.01382
-198.11923 527.99844
-197.49917 528.60761
-222.41402 559.04710
-233.82562 575.49506
-203.30659 525.01054
-214.79798 553.30098
-208.07385 540.61953
-196.50124 533.83670
-206.52234 538.78405
-187.05257 512.43077
-209.64313 534.76784
-195.44535 538.85881
-206.87419 533.34889
-205.79124 531.11101
-194.96745 530.36808
-221.14106 551.47740
-218.94122 554.05984
-189.86249 509.30181
-203.13478 527.39927
-178.14780 489.61733
-197.56844 541.60758
-203.58157 517.83160
-183.60944 501.54458
-198.08912 519.08971
-236.51764 584.26965
-207.84564 526.45819
-200.87209 531.89225
-222.48119 571.00959
-183.66622 507.70039
-203.84859 537.07856
-231.33638 581.09013
-175.41696 504.63452
-185.17978 520.22680
-209.63917 558.96736
-212.93317 557.64102
-190.78429 511.19810
-237.86766 576.11091
-210.60646 551.51125
-221.16762 566.37825
-202.15645 537.55875
-225.57100 576.34687
-193.63918 530.43461
-200.74405 530.40457
-211.75887 552.09480
-194.90632 508.13726
-188.39082 527.08229
-216.65487 557.98065
-210.28450 545.33171
-201.74899 538.11286
-196.24097 530.35818
-198.85700 530.36724
-226.92003 565.14793
-187.39248 509.17553
-208.09675 524.22710
-200.73596 531.40357
-200.17120 527.16357
-195.92784 525.15428
-207.08163 538.94962
-216.94684 562.46978
-221.38070 563.10914
-198.09173 530.82889
-208.73355 548.38894
-217.09288 558.89808
-182.04195 517.23618
-196.12072 531.44824
-205.62831 535.90971
-206.68491 538.00976
-229.35089 588.77295
-197.33529 526.32886
-186.82141 516.27163
-198.89830 519.59608
-177.74395 494.68372
-218.66495 556.13045
-189.39646 521.52995
-217.34482 552.87820
-212.36843 542.77679
-185.76838 497.83129
-210.77160 544.14593
-185.77602 500.30073
-217.91015 558.87860
-213.02213 542.66488
-196.89156 524.43174
-209.87129 534.68513
-187.53085 525.13980
-208.56244 528.84433
-223.74857 554.43666
-204.59431 539.50117
-195.30480 531.18034
-198.83866 528.76183
-215.74722 545.15814
-221.59064 555.53963
-222.95769 556.30876
-208.46251 555.01084
-191.68304 519.96054
-194.08626 529.72419
-207.87835 539.02097
-198.30428 534.02351
-218.31935 554.72739
-179.96176 518.13033
-197.88078 529.26930
-189.35630 516.23473
-215.39948 547.70638
-230.16660 570.24501
-203.11770 537.22541
-218.55318 568.60468
-188.95613 517.04872
-206.52929 533.01462
-201.29751 525.33460
-196.02826 517.50445
-215.45957 552.30831
-226.49807 556.95511
-198.66066 535.11854
-217.61607 562.22703
-192.78360 531.39910
-207.07464 540.95096
-211.81736 537.65861
-227.05600 586.50460
-213.46340 544.47269
-191.15230 501.23182
-211.02559 537.44944
-198.65272 525.99092
-209.07949 531.65244
-203.76146 530.77024
-209.31118 538.34622
-192.90578 511.47965
-168.29009 478.92552
-208.64973 551.98949
-188.25809 508.15923
-183.71150 505.94908
-219.87634 541.92160
-185.20142 516.48925
-203.13495 548.34664
-185.17375 507.39588
-184.07050 513.93679
-213.68720 548.49633
-211.25760 551.43941
-186.55176 507.55270
-220.68130 550.27500
-192.66280 518.05866
-213.79093 551.94850
-201.60854 538.06889
-207.72939 530.16492
-219.11170 553.58098
-225.23443 568.29627
-189.91837 513.85516
-208.39608 550.33036
-196.71449 530.83580
-220.77693 562.63651
-219.12677 555.08255
-206.36793 551.41764
-207.67923 531.47613
-195.11172 541.42902
-242.37451 595.43652
-209.07547 541.32281
-195.95024 514.56694
-206.54711 528.68836
-199.01804 536.21926
-232.64869 581.26878
-213.00769 548.07626
-199.05819 541.90662
-213.33955 547.54179
-209.00765 541.84187
-211.60378 537.81846
-172.50039 488.09802
-204.11853 528.68566
-198.06982 529.89563
-212.70562 535.19306
-203.56225 527.72055
-196.13014 534.96416
-182.92087 506.67468
-223.13223 569.24536
-204.09076 535.32776
-192.15369 519.58438
-226.65382 545.67119
-172.15640 504.40265
-210.03325 541.76905
-210.74087 524.38873
-203.32722 551.27385
-202.94655 533.71159
-203.12560 538.68875
-203.59994 525.78357
-206.36366 527.15126
-187.16538 515.61761
-217.17704 562.24083
-201.56767 537.90147
-206.59621 544.88382
-194.26915 513.85539
-218.74202 540.94273
-222.39200 563.54928
-224.26856 556.31917
-216.84663 575.06191
-227.21002 559.57205
-203.62408 532.08224
-213.70276 549.00964
-221.96438 554.37832
-188.27122 528.85487
-202.62537 533.69091
-181.92931 519.21924
-199.21978 523.67856
-211.71486 557.90614
-212.06768 545.00581
-206.70979 546.82634
-193.72938 528.08934
-177.98559 501.03860
-223.21530 576.26294
-229.42693 559.52476
-199.52301 531.34954
-215.39780 555.90087
-190.99561 527.66170
-222.06011 572.74271
-208.20245 536.37430
-213.14782 551.67303
-189.97072 515.50083
-222.84168 558.86822
-214.95443 543.63230
-217.40430 547.85787
-207.42555 535.02467
-228.27078 562.55856
-180.62614 506.21266
-201.62229 537.12819
-208.62542 531.49188
-213.10894 545.85511
-206.64218 538.69345
-212.07451 547.64213
-200.08167 524.80694
-204.07245 550.72122
-217.22729 562.88137
-203.27515 543.10756
-199.75616 526.56985
-198.43357 546.52733
-218.66093 555.25789
-212.48690 543.79835
-224.57473 568.05817
-199.76402 533.31276
-208.00389 540.39219
-210.30602 545.92261
-198.65134 537.69484
-190.78044 512.95702
-176.18480 482.68039
-200.90389 535.91212
-187.92497 514.57466
-205.60114 549.91564
-197.79738 528.68202
-218.61148 563.47409
-203.18009 539.09746
-183.83560 517.47143
-219.28152 548.42251
-236.75170 574.54334
-204.93067 533.43660
-201.50350 526.99787
-209.12836 552.98775
-212.07612 547.00056
-200.42169 522.87322
-220.79882 545.76502
-193.14735 517.86446
-193.31153 526.29817
-214.42825 546.84613
-217.40921 569.08764
-214.64302 551.32517
-193.46033 516.69296
-233.62564 583.17679
-224.55722 567.16573
-220.32277 535.31794
-219.07892 555.67901
-216.38793 562.31059
-191.04975 511.70330
-206.32589 525.64411
-222.40498 557.52327
-198.22456 527.01344
-195.09138 526.75078
-206.02090 544.23426
-185.34374 514.15500
-183.59968 508.09792
-181.56894 505.88006
-221.98325 567.71752
-234.17867 581.70548
-217.65531 558.16628
-203.99629 537.92304
-208.22783 541.73268
-185.52018 510.81398
-203.35794 542.83379
-193.31077 510.23680
-212.02384 548.50148
-228.36222 561.92677
-186.65059 511.49214
-192.74507 520.69840
-208.25420 555.34617
-198.30547 536.58082
-201.40421 545.11492
-212.95769 550.95545
-187.88262 532.88413
-188.21701 516.46112
-219.74180 559.92180
-213.85794 535.06744
-205.31139 528.57114
-217.91750 559.76447
-196.79771 508.21873
-230.26682 571.34917
-220.19290 564.27753
-220.07538 560.49755
-201.89390 521.54856
-184.58998 506.01750
-201.47044 543.58729
-196.80325 522.04651
-204.29454 524.93058
-214.67111 546.34564
-186.60471 512.38521
-205.13937 532.82778
-212.87868 536.87049
-206.83810 540.49649
-170.21686 491.94158
-206.96237 542.96432
-204.36825 537.87009
-208.46063 554.49758
-241.84960 593.48435
-221.65070 548.40969
-206.52749 535.58670
-201.82561 537.68125
-208.07240 535.74751
-215.11977 546.34205
-191.35855 510.65395
-189.65111 523.33912
-202.59209 517.91743
-207.60336 547.31531
-209.03796 561.47497
-209.65598 545.20220
-219.42999 566.55258
-196.45618 524.47448
-179.25640 512.19868
-221.21976 560.54626
-192.32479 526.93311
-210.15030 546.27288
-213.17082 558.26725
-188.42211 517.88757
-196.70957 510.33074
-227.13997 561.17588
-198.44573 520.09979
-177.23441 512.43108
-210.79202 528.50095
-189.13968 512.70614
-205.42394 547.65513
-218.49288 560.71137
-202.75025 530.21416
-179.03879 503.63687
-208.43350 550.75693
-192.50466 528.97004
-205.71443 535.59047
