-230.67588 528.86971
-226.76616 532.60368
-212.94764 518.61211
-227.87863 548.82018
-201.28588 498.89191
-226.63622 507.13215
-212.85069 519.21404
-226.20820 512.83049
-205.49530 485.25747
-237.69152 535.47129
-203.43515 497.01651
-220.39414 520.25927
-184.26969 469.05650
-211.29132 498.35199
-183.99740 481.48004
-228.59902 535.62165
-213.03826 512.61341
-201.63878 490.21901
-201.98878 492.62803
-224.66327 529.42690
-214.42274 503.49013
-244.45118 545.73756
-190.04963 466.99938
-231.80845 526.16570
-231.02841 523.51651
-232.82948 525.79987
-210.16863 507.36161
-219.62177 528.88720
-209.27528 508.00291
-203.58644 493.03005
-224.87078 516.18363
-199.54708 494.36606
-201.84333 507.07824
-234.84973 538.05099
-241.29301 546.75764
-211.95489 516.27377
-198.07279 502.02227
-201.52444 496.92990
-217.38427 527.47199
-219.10003 513.98101
-221.37885 524.22622
-208.88941 498.22030
-202.28733 486.65621
-201.97188 498.83659
-209.77052 508.61363
-201.80457 498.47426
-210.25896 506.02299
-205.88023 501.51661
-230.28696 521.69271
-206.76063 494.20237
-194.54948 498.40840
-222.91486 525.11779
-228.39311 522.43358
-213.35657 505.15841
-231.37306 516.30528
-200.27736 502.22334
-195.03279 498.23939
-208.19668 507.88559
-216.70924 506.82066
-218.47984 520.00090
-199.40543 490.90643
-220.06981 526.17585
-218.05929 518.86444
-243.96269 542.41227
-222.28225 514.00711
-215.84730 510.70579
-245.69834 536.48543
-228.19966 534.57658
-221.50445 513.08228
-232.34131 528.04119
-231.10496 537.81483
-245.19786 547.22657
-213.58841 495.49337
-238.35627 537.26485
-241.84237 534.03204
-224.45228 530.30800
-236.74935 540.90760
-224.63923 525.89107
-216.40681 510.68102
-205.68500 497.60186
-217.40692 506.93137
-213.62419 489.48091
-218.99938 523.73643
-210.56547 502.33461
-220.19209 504.22755
-236.46095 550.13771
-196.55833 486.15248
-227.12427 526.30803
-203.24007 503.64881
-219.15692 512.10040
-214.15291 519.50046
-242.10526 533.05621
-216.38997 517.25876
-230.40554 529.28080
-194.66258 488.86772
-224.08039 515.24068
-214.29839 524.83017
-220.23044 516.36974
-237.17045 539.76204
-219.78539 510.28555
-206.85407 497.51467
-230.59649 534.75977
-230.82173 533.32414
-206.43361 506.15547
-193.23339 486.43830
-223.73497 510.31016
-223.86027 510.10207
-234.78690 543.54522
-213.81489 513.48168
-226.06642 506.51304
-227.91721 523.14269
-199.08527 496.65481
-225.11857 519.70454
-183.52180 480.52901
-212.77519 512.66276
-217.38675 518.92941
-209.00292 491.48542
-242.86924 546.18474
-217.04156 512.16358
-224.72486 522.56129
-212.93041 515.79645
-212.70642 507.54236
-186.90082 473.05394
-218.23030 505.73695
-204.97215 500.52357
-234.49659 528.50002
-219.95416 505.84409
-179.85357 459.84442
-239.67880 546.21206
-206.50173 496.82596
-247.84952 554.53094
-226.38618 520.35766
-227.28445 525.41598
-194.92259 486.08372
-226.22208 522.74041
-214.00529 508.09182
-228.15598 530.55138
-211.39508 506.47699
-217.96937 489.34071
-219.16546 515.45367
-198.72245 493.90590
-250.01646 558.85475
-209.18287 499.02712
-225.76028 537.71716
-223.76132 533.79638
-216.87561 512.72058
-226.55958 529.61541
-226.32736 523.70080
-189.10439 486.37402
-218.82438 517.56904
-208.99454 516.05575
-253.94360 539.38565
-209.97870 505.62042
-218.82215 510.57760
-217.61978 516.96240
-223.36477 519.75338
-217.29380 510.95296
-238.29888 539.89291
-222.01340 528.79040
-212.27440 504.09340
-199.66789 472.99516
-225.96557 529.27798
-232.86468 539.49713
-193.98783 487.27886
-200.79626 502.16116
-201.40802 496.80471
-211.24758 501.60535
-211.38121 501.49904
-215.03681 504.02596
-198.13313 496.43592
-211.32997 499.04344
-218.43714 517.51738
-224.11108 522.92895
-228.09114 524.62593
-227.73538 544.19244
-224.65782 512.40513
-212.79938 516.34124
-207.75385 517.08211
-188.58539 463.48663
-219.83129 492.95792
-214.11049 514.22679
-214.36228 523.21667
-219.62039 510.16827
-231.03330 536.82658
-194.63467 489.54037
-237.05303 540.75009
-218.97279 519.94774
-211.51695 498.80479
-194.82500 495.84733
-223.23989 523.93717
-252.67263 561.28763
-200.87966 482.71179
-219.65612 509.99661
-228.22335 546.88715
-216.04959 524.29651
-192.32937 489.31522
-213.65220 504.28166
-216.55236 504.54691
-204.23075 498.67202
-224.76608 519.17328
-216.50626 511.37762
-242.58768 556.13295
-201.48538 497.50494
-225.34243 516.38989
-212.40428 510.82606
-209.14445 510.66832
-202.93419 496.85606
-215.11535 515.01892
-211.80377 511.19241
-223.68996 527.33198
-193.05456 490.37918
-212.82571 510.51632
-233.13347 528.41312
-206.79075 502.87456
-233.86574 535.28934
-215.53919 505.54757
-240.15808 547.97652
-228.86851 523.90992
-229.71556 516.21189
-207.00333 500.48147
-206.74232 508.43886
-218.91824 499.68136
-216.41882 525.96838
-210.63056 498.49926
-196.15924 483.90082
-228.36678 531.91932
-198.49499 485.19006
-224.40343 525.48521
-236.67000 545.80351
-200.95529 484.51370
-202.86586 511.86945
-235.84808 544.49713
-206.45427 501.81107
-213.70890 503.11705
-233.17572 520.86587
-208.48135 495.12143
-216.18139 508.62125
-207.26272 507.09705
-197.87012 489.43139
-235.61876 539.56919
-219.52072 520.93191
-217.11308 510.68351
-238.98734 534.19432
-217.16528 500.86108
-236.56671 536.83685
-182.62691 467.76181
-202.24943 490.06944
-224.57529 528.96093
-236.56471 526.51679
-221.21342 531.63491
-234.09964 532.26836
-218.66387 511.10703
-195.26900 498.18027
-217.96734 510.15528
-189.85229 467.78808
-232.01258 515.72426
-223.75019 526.30428
-223.79629 520.34806
-205.93260 505.33168
-202.90275 475.85924
-232.06281 526.93086
-218.51843 514.22375
-227.48465 523.69601
-209.76927 497.08128
-224.13267 515.99666
-221.79624 526.51464
-209.67169 511.75253
-227.44095 523.48126
-229.87860 536.10366
-211.98864 506.00003
-205.06941 505.90214
-223.52418 520.71837
-219.90466 515.21749
-217.08132 518.60184
-233.60427 525.12763
-232.64887 529.85741
-186.93255 470.36496
-219.11082 520.69600
-190.73685 485.96710
-235.87531 540.60176
-234.06259 542.13898
-202.74225 499.61990
-197.63902 489.61247
-230.49121 532.29769
-192.34778 497.15808
-212.43351 503.29259
-237.46390 539.33584
-215.27402 502.51839
-222.71184 505.49613
-194.83666 472.64420
-206.68382 496.73134
-209.69384 506.03287
-226.78623 535.13607
-227.73671 534.60774
-232.76405 542.05678
-208.68382 495.25892
-216.20989 509.43259
-202.80882 493.00071
-215.72615 519.71888
-211.46605 516.24925
-228.04795 524.78548
-201.87903 492.45324
-210.55723 501.24788
-230.01796 524.76667
-213.94577 521.92312
-208.02666 522.93653
-211.17566 511.71245
-223.89684 536.86990
-227.63914 522.60804
-211.19010 506.56487
-216.25696 518.76876
-237.61835 548.07607
-243.48973 550.30287
-207.67828 515.88022
-230.67487 527.13683
-214.29178 517.17828
-220.30778 527.67296
-205.74913 501.87062
-186.94775 477.04199
-227.06080 525.71868
-240.63852 543.23452
-229.67694 537.30605
-231.30374 528.75363
-218.99414 517.80078
-196.55818 484.98182
-213.17458 509.22529
-192.78226 487.71261
-190.28407 475.05662
-224.45101 520.23020
-212.63998 510.07819
-231.13260 534.78212
-192.58378 482.80776
-255.55848 555.56126
-238.47180 551.69128
-222.98141 520.02591
-192.78707 485.64722
-226.20559 537.89505
-215.76817 497.37062
-238.90439 543.07186
-210.76549 507.82203
-228.06488 526.68853
-174.02280 452.52913
-221.11517 509.46637
-251.85068 545.38174
-235.72728 538.08372
-197.76697 498.20520
-241.30319 543.80170
-212.54132 495.51767
-221.49852 534.41420
-207.86680 508.02767
-219.06971 516.68145
-208.49087 495.98227
-223.03342 522.26094
-215.17184 509.11844
-208.99741 487.90487
-232.25796 527.06567
-236.56663 557.54317
-236.06053 537.73085
-224.99417 521.97091
-204.43429 491.06717
-233.75200 547.61133
-216.13117 522.09866
-213.08446 501.45961
-227.23525 515.17423
-230.87452 533.22478
-245.33970 544.73592
-194.22994 480.09596
-196.20547 474.46615
-185.78448 473.50000
-170.76263 454.30059
-202.22955 494.04086
-219.20499 515.39455
-222.66240 528.00886
-188.41763 476.14788
-221.93025 515.67949
-210.02133 507.53857
-228.83455 521.26877
-218.26877 506.64376
-204.94649 503.30430
-242.98503 545.57173
-200.71350 480.00411
-197.91733 477.98437
-225.93342 537.11998
-195.27603 490.45745
-234.19831 528.49239
-198.89002 502.11244
-235.94844 550.25041
-246.22036 550.81934
-211.46497 518.24435
-210.62703 499.84452
-218.69373 513.03203
-239.40933 532.43084
-219.91372 524.21915
-186.52596 485.05604
-224.64181 534.36444
-228.74199 533.08235
-238.41702 523.37912
-215.64072 514.46981
-216.02323 503.13915
-219.08122 518.67899
-214.07328 511.27635
-226.78287 515.59646
-231.98902 535.29241
-204.31883 508.59763
-215.96027 512.47228
-224.79706 523.76544
-217.27308 517.43406
-228.95832 530.52559
-235.02073 529.51299
-217.96345 527.89790
-203.54217 484.55994
-201.04914 493.83003
-256.40470 560.14837
-222.37901 536.51823
-209.84011 508.90116
-205.14022 506.73923
-219.56714 502.17147
-217.58169 524.28287
-219.47946 506.81488
-223.11373 523.26490
-216.51874 498.22451
-241.30829 547.92211
-231.18120 532.89363
-243.04655 538.05269
-212.07242 520.48187
-198.40187 493.23505
-204.10121 493.73411
-221.17987 513.63833
-245.72732 548.19169
-208.94749 505.92274
-197.44301 490.62010
-255.87285 561.42676
-222.79298 518.85451
-219.97789 512.86362
-222.63250 517.96546
-220.51533 515.03874
-223.55832 545.77819
-223.62806 530.27861
-190.60467 491.00388
-236.49987 524.33002
-225.79279 519.40221
-201.66353 506.80485
-207.12407 514.92643
-204.22027 503.24847
-207.37649 503.52023
-235.40578 541.84126
-236.33268 540.32237
-256.27927 573.78747
-227.92219 533.97270
-222.08568 527.74616
-226.38644 519.47146
-210.96399 500.24280
-199.80353 484.87584
-225.69214 522.11223
-250.15996 547.82032
-234.63118 527.41118
-214.81207 516.83481
-186.57480 467.16903
-214.58282 505.94052
-203.19742 503.16921
-196.03856 493.54832
-204.42381 510.59861
-189.77858 470.52192
-204.40409 513.68267
-216.84759 513.75086
-230.76086 532.92215
-226.79901 519.51626
-175.24508 460.97373
-232.82175 534.07784
-203.20775 502.67756
-246.61044 558.81485
-214.86658 508.53936
-213.54357 512.91718
-236.28599 546.71852
-229.61309 523.61524
-199.10120 483.50029
-222.11668 532.75233
-226.90468 516.41600
-205.96813 491.57441
-216.45023 520.81646
-224.57417 522.67098
-227.76214 519.93609
-197.08289 486.65044
-186.75439 475.20425
-201.64815 498.54298
-204.88035 489.80465
-200.01287 499.90646
-204.42903 498.75745
-211.89543 515.47065
-221.89400 508.64194
-215.17290 502.10929
-217.69956 518.13997
-211.95991 520.10433
-237.02022 541.95680
-239.61259 534.53328
-226.12203 522.21625
-209.74844 513.45313
-208.83172 501.15036
-222.44364 538.09618
-183.24232 475.55198
-210.45374 500.91842
