-220.63982 477.16078
-216.26327 486.00037
-248.96644 521.84639
-199.39469 462.26867
-231.01960 497.49767
-235.85454 488.66438
-239.63389 505.75102
-239.01724 505.24743
-215.37077 482.88282
-213.88589 469.64182
-249.24224 503.05344
-236.07470 499.83008
-218.47141 475.74447
-244.13747 495.91642
-236.91845 503.55151
-244.94215 506.61623
-195.95012 455.97779
-234.03963 495.20862
-215.75350 482.77784
-225.87192 496.83035
-247.21809 520.62621
-225.72330 483.00536
-232.54795 494.27431
-218.53217 485.00994
-246.48012 526.34446
-200.14030 452.98194
-205.26745 458.32049
-213.48305 462.42270
-226.31797 488.82571
-207.16551 468.37193
-243.95058 505.68686
-236.55854 515.16142
-216.94614 482.31899
-246.92612 506.46487
-247.89298 507.06737
-225.62481 485.03146
-253.34880 520.60279
-219.73176 474.35033
-222.24747 486.20544
-242.73245 501.49310
-204.39714 463.38478
-229.98048 493.13954
-209.03629 477.29394
-265.66303 529.60735
-242.48639 507.41781
-239.93956 503.26750
-231.25319 490.84195
-212.17855 459.99146
-221.61621 490.07190
-220.32747 482.87403
-242.27506 513.96337
-245.68789 508.59250
-206.58580 467.57060
-240.74494 508.03588
-213.00067 467.19815
-229.34532 479.28300
-205.18912 463.03503
-242.87668 502.44747
-236.60247 501.17032
-200.95637 465.30113
-248.86078 518.74576
-211.34806 469.44457
-210.25904 480.53871
-243.60266 507.96136
-232.88205 487.27132
-204.79730 469.13577
-237.96099 500.81979
-219.33260 486.00867
-208.55805 473.65056
-233.46170 489.63384
-232.37115 486.00278
-201.83818 463.56562
-228.86696 481.55118
-202.19637 463.49036
-239.49499 503.06744
-207.24423 454.33169
-241.39242 501.69007
-222.68918 486.76632
-230.63973 499.87561
-238.21720 490.83471
-249.21005 513.59475
-234.30111 490.52124
-220.59043 483.81155
-230.06242 498.22572
-243.24878 517.64014
-205.51589 451.28165
-258.91342 515.46218
-214.18256 480.95268
-274.88438 537.11100
-240.06284 502.01736
-225.53309 491.19734
-237.03490 479.63389
-228.70509 494.98097
-210.08661 472.98794
-235.46084 502.79526
-228.00124 491.61100
-196.28972 461.18421
-220.03354 482.72707
-220.29892 469.12392
-222.51309 488.46886
-222.14284 479.00712
-207.97647 459.58263
-202.59530 457.81971
-203.94430 470.95148
-245.63734 504.41072
-227.16494 488.36326
-235.26597 498.14787
-232.14544 496.23123
-250.30551 511.92739
-223.89273 489.65514
-204.80930 463.74032
-251.30284 494.70072
-235.13984 500.33281
-211.74181 461.74528
-219.62581 490.15101
-227.68552 482.84237
-210.06804 461.23536
-213.97949 474.17016
-221.89924 485.37914
-230.96705 496.98976
-242.78897 499.08996
-253.33482 515.88932
-236.02402 483.10061
-243.14182 505.85934
-237.46889 511.49704
-220.29701 476.98775
-239.10078 501.99736
-260.65948 508.70785
-256.62808 527.32861
-225.58331 486.69235
-253.70547 514.79099
-248.68995 502.48927
-211.59791 476.82717
-244.78658 508.18146
-233.74495 508.03504
-256.67620 517.39065
-223.64505 480.97051
-233.81784 504.54623
-228.24791 496.89286
-243.44577 527.59640
-197.29675 456.50152
-227.84297 493.92302
-202.59188 460.50293
-208.90824 475.87139
-235.46687 498.43895
-206.35080 454.12081
-240.34189 492.96597
-211.88394 466.10571
-226.26670 486.11977
-232.04917 494.38064
-250.45145 524.92278
-234.87492 508.99049
-217.40919 473.11073
-212.33818 466.54695
-228.68094 493.25262
-238.72834 502.76061
-209.84493 462.53669
-243.20612 504.43224
-237.50748 510.83874
-243.10059 506.69460
-250.25056 522.38170
-244.68415 499.74950
-218.15131 464.49297
-213.65029 465.93027
-236.94036 501.41397
-225.92773 495.37109
-213.72076 470.57834
-213.90247 469.88716
-210.84161 475.15219
-231.09875 489.45892
-248.28071 515.65117
-214.63632 480.44131
-223.94330 494.79288
-211.36761 468.90933
-220.54812 494.95035
-233.03302 488.93185
-261.62712 548.09230
-214.37983 485.36064
-223.50743 474.88407
-216.76399 481.65282
-234.71573 497.14196
-200.76246 453.16554
-261.41980 522.43756
-217.95044 485.44507
-230.20390 496.12202
-228.27285 479.93674
-232.99437 505.20347
-222.18003 475.30422
-217.48529 476.44363
-223.23841 480.88997
-221.62817 490.18335
-247.99951 505.89221
-217.48933 482.28526
-250.35289 515.43534
-227.22491 497.11850
-266.21186 532.58147
-244.98503 508.27125
-207.88241 476.20496
-227.95410 486.84949
-206.28717 446.05002
-215.47274 475.49012
-228.93264 499.32987
-220.67120 478.38034
-213.24133 481.00885
-231.31384 492.20807
-223.73465 485.83355
-277.27472 542.07345
-208.80612 468.31539
-212.80106 474.00567
-229.45451 493.35157
-220.61075 492.33215
-267.44658 521.03205
-229.18016 508.13877
-211.20797 470.67280
-222.93366 486.38317
-224.40567 486.58825
-223.26562 488.17932
-237.32682 492.67968
-214.69842 472.72671
-223.03563 479.60997
-218.08321 477.29352
-204.19030 459.68695
-240.90361 504.27131
-200.09271 453.62076
-200.60678 450.78762
-256.99676 513.56131
-206.38155 456.81135
-222.87692 484.02389
-218.36358 479.04220
-256.56666 519.60158
-202.97197 462.07746
-218.54245 475.22616
-223.06882 479.27608
-220.57694 486.27080
-260.99976 521.66823
-244.26762 508.60798
-232.49233 499.31125
-205.78347 460.84794
-221.51070 482.76764
-225.61845 483.59309
-213.71491 475.75340
-210.46532 447.24144
-248.20594 506.18624
-218.76557 465.28899
-230.37089 487.01338
-204.26275 469.14133
-226.68305 485.41069
-224.00949 492.83956
-229.93781 501.91234
-206.09498 463.98097
-230.00428 482.56636
-246.49432 491.93704
-239.40349 489.92067
-205.48038 459.26183
-238.17042 502.02590
-216.85240 471.94657
-241.19484 508.60392
-250.67987 510.29898
-278.72656 536.82556
-238.64804 506.37331
-235.33791 497.90751
-224.81615 485.74498
-226.74364 488.99009
-210.21207 467.17297
-236.25345 503.03484
-247.19893 489.32343
-230.60444 495.91094
-221.43806 477.48094
-210.21820 475.56509
-225.69344 484.57227
-233.67066 482.66091
-238.30521 491.54424
-212.60636 463.26403
-242.70538 522.84885
-223.66058 489.15811
-231.62116 488.48949
-217.01267 474.08077
-225.78722 482.15190
-219.69072 467.69258
-230.85826 491.62028
-218.88863 475.79889
-226.90337 497.23249
-226.55180 481.69722
-231.74731 490.48938
-249.34447 510.40879
-215.48145 474.15700
-236.23007 491.82925
-201.63753 462.02808
-194.12205 440.37657
-229.11966 493.95171
-229.26097 477.97947
-243.11571 499.75999
-218.92407 480.67810
-239.25428 494.55159
-257.25782 512.37148
-213.25434 467.32097
-214.42924 471.31916
-237.64118 493.82115
-249.69603 508.38890
-237.79784 496.80564
-208.52481 468.61999
-250.09967 514.91464
-248.01604 499.31398
-188.76223 458.58329
-243.81104 510.90798
-232.51040 496.08994
-229.57402 485.17720
-214.01062 469.86713
-259.44384 510.75549
-247.77099 505.07361
-224.20894 478.52070
-207.87107 465.23898
-221.09211 480.17650
-204.75767 450.53959
-238.58602 510.52942
-228.17450 483.99881
-219.78917 483.69084
-221.19557 482.02089
-216.13504 476.10198
-239.55684 497.19098
-239.94426 501.82057
-242.88608 513.81045
-239.34259 502.54208
-214.67468 474.15362
-219.05962 472.81233
-218.90024 481.24685
-206.79013 466.46951
-210.38612 473.20430
-228.58236 481.72376
-247.84032 510.52903
-220.16666 488.56591
-243.13219 506.04093
-225.69347 486.04948
-266.60910 532.61239
-222.64006 483.63221
-211.99764 462.91175
-260.50706 526.36021
-244.70848 514.17503
-226.81292 480.35953
-211.57867 466.21322
-227.89580 488.17012
-264.16613 527.90277
-214.73847 486.23503
-247.03927 512.66169
-230.97374 493.73027
-229.96129 485.89457
-234.96524 496.64318
-229.57334 488.21951
-229.32653 492.66388
-229.67445 483.03914
-224.21012 490.84814
-224.56530 491.34930
-234.69804 490.06941
-228.03673 488.31498
-228.02400 487.87267
-247.98896 504.81767
-210.46070 479.03969
-239.17928 496.02771
-247.56490 517.44233
-224.83095 476.35727
-233.57014 490.79979
-233.89914 487.51363
-255.10786 508.57170
-241.90359 507.16007
-207.53798 464.32810
-217.31748 485.60134
-221.33936 483.30568
-231.87869 495.27264
-227.39067 487.19050
-231.49475 498.44452
-227.61419 488.87234
-235.97425 502.02437
-219.03094 485.35452
-214.41838 479.19642
-258.80793 516.75047
-225.79130 486.03254
-230.26749 486.31847
-236.64515 505.62190
-225.58502 499.30014
-239.65340 505.20252
-217.58744 486.24249
-222.70924 467.89760
-197.16673 452.81846
-233.93231 493.79056
-240.39351 496.70734
-247.49731 509.72619
-231.02829 492.42306
-235.81555 488.62860
-222.33221 491.18558
-212.48154 484.17031
-227.98346 487.89743
-214.23432 468.57500
-207.56110 470.91368
-232.44891 501.62637
-220.54322 481.39577
-243.75900 501.99630
-239.22519 492.36269
-220.87248 479.29957
-195.89071 453.16883
-203.37934 462.54302
-220.69880 485.51879
-212.99423 484.11636
-206.85830 470.73484
-220.51097 482.92173
-227.35828 492.97884
-214.14033 466.07500
-227.27414 484.44625
-245.09344 510.25809
-225.61665 487.28691
-228.84297 488.30156
-230.21466 489.74045
-219.00324 485.56371
-237.00741 505.79261
-223.02046 485.06926
-239.72325 498.72013
-241.83739 504.40037
-226.17762 482.77376
-237.34953 500.33595
-214.33215 473.65375
-241.10369 515.23636
-263.57028 525.23068
-253.60510 510.91620
-217.82281 490.52865
-243.50297 506.54487
-220.01034 484.58887
-225.26358 475.04638
-240.11265 498.04496
-250.54530 514.36580
-215.83104 458.70603
-247.87613 506.12890
-270.64803 522.93274
-254.47893 510.70082
-236.75667 496.73023
-203.00147 464.65773
-240.62501 502.97182
-244.12442 521.77734
-213.55561 468.82927
-237.47367 495.36236
-237.56340 492.46925
-224.67650 480.58287
-212.28068 469.62452
-211.10420 465.61760
-235.37624 497.21122
-268.38449 523.38900
-222.81317 489.72928
-244.05260 506.64128
-211.22286 456.20612
-245.88925 512.38577
-230.66374 493.60328
-226.82528 477.94935
-236.94267 506.55513
-230.12293 485.89803
-220.39801 477.04147
-253.07230 514.17669
-240.62426 494.43994
-241.14487 507.09817
-228.59635 482.21593
-222.91832 495.45622
-213.95129 478.30279
-232.50673 485.23496
-235.28243 496.56049
-224.64902 487.42495
-235.73393 493.34590
-231.22591 482.26258
-213.22876 462.52917
-225.64130 485.76323
-222.89952 483.00431
-254.92734 508.02322
-228.66796 482.59265
-228.02093 481.94888
-218.82382 478.37771
-233.56049 507.42180
-238.43886 499.48362
-231.18801 498.83866
-219.25492 480.50445
-219.22049 471.76373
-224.48989 488.89304
-228.18502 482.66181
-239.10739 491.95760
-236.21378 501.96423
-223.85533 480.24150
-242.33092 510.27616
-232.25415 501.79089
-230.32916 495.95517
-224.10713 488.85893
-229.71436 491.17140
-236.11433 502.44469
-255.89006 511.41322
-201.80234 461.41811
-230.56746 495.43848
-212.92267 465.11948
-231.96712 503.67444
-219.89057 484.62981
-229.62089 475.19819
-209.40506 479.30450
-254.26683 514.68833
-232.51970 500.70631
-223.43033 478.25561
-221.81901 476.64308
-217.97824 478.10189
-222.83144 475.03611
