-246.44225 480.44077
-238.71764 464.22370
-193.08895 419.03260
-260.25244 481.56247
-239.01057 471.51970
-239.67026 473.41317
-248.08554 465.39452
-240.50012 455.61178
-263.72723 489.00436
-209.52034 440.01874
-244.68134 459.90090
-255.96791 475.00377
-281.87252 499.71921
-200.17748 437.30717
-260.27281 474.77857
-240.50800 479.41939
-225.49785 457.31910
-230.92237 466.13060
-257.20357 481.52244
-286.58831 502.67398
-239.32121 460.48256
-242.77250 462.64101
-230.26383 453.70394
-229.15679 452.96329
-230.40575 452.28632
-246.85153 483.74987
-226.40153 443.71828
-216.21435 440.22116
-251.97334 484.02284
-215.90561 439.28903
-211.36534 435.78166
-245.50202 457.41734
-287.90823 508.13662
-270.66959 489.92989
-252.76702 481.13804
-239.07763 459.27033
-249.13909 484.82666
-271.77595 504.95455
-235.87220 444.20098
-242.74961 479.51427
-253.50869 468.83021
-232.61385 460.24345
-223.80338 442.52819
-237.74249 458.24298
-249.20697 461.50362
-231.70870 465.18283
-215.59763 445.68639
-243.95072 471.26296
-236.70701 461.34740
-225.52331 442.58056
-241.04832 464.45506
-223.48496 456.33071
-255.40920 476.08390
-259.37679 486.65190
-280.55577 511.20439
-254.19708 478.87094
-229.84916 464.89229
-252.42467 478.32276
-260.91062 482.55904
-250.23262 478.41971
-262.70139 480.03125
-232.18258 458.67099
-267.83651 484.66495
-252.49474 468.93812
-208.84805 430.49155
-225.33183 446.21303
-209.23158 430.20588
-259.73340 478.51452
-255.50657 471.51091
-243.84948 477.14127
-217.41071 436.85955
-220.50566 437.41618
-220.16791 441.71526
-212.34145 440.65448
-237.45813 463.59643
-237.13084 455.13405
-239.85297 450.00970
-271.51036 476.42427
-258.76614 484.61832
-205.80309 428.28489
-233.59814 473.95923
-250.19749 479.33845
-237.70680 463.39394
-265.27334 499.91031
-227.39079 461.91685
-238.16120 459.60274
-267.93115 479.17703
-207.15286 432.11987
-215.06946 434.33782
-219.39414 450.51357
-240.10810 464.50246
-233.00640 453.98304
-245.31522 464.24441
-241.92232 465.24393
-266.72660 490.57430
-220.19803 435.02141
-216.74515 433.55922
-213.77921 440.45343
-215.66644 431.71539
-223.33642 449.88199
-223.50030 460.30389
-259.05935 493.37155
-256.64127 482.25447
-235.90303 458.23338
-245.62129 472.15279
-239.49657 460.71934
-259.38670 484.58473
-240.62989 471.11550
-253.53536 483.95145
-240.17481 470.27413
-227.04654 452.59960
-236.24057 455.38601
-229.73696 458.28821
-199.36715 428.54410
-262.00520 467.01921
-212.21346 423.47001
-266.43353 501.36840
-244.80131 455.34291
-223.87488 461.03765
-212.59969 425.38276
-243.82141 467.90906
-225.98937 449.96644
-248.03171 477.40475
-235.34225 455.85598
-233.98299 444.48520
-225.98850 441.56527
-252.82223 479.89182
-249.22915 475.15997
-272.08818 502.21644
-242.90465 472.63685
-243.13648 470.96059
-255.18379 487.93873
-243.87696 460.96718
-221.74608 448.22132
-272.89934 510.35792
-241.90028 475.77916
-247.67504 472.92795
-246.78067 466.79516
-177.77933 400.95406
-247.78202 470.32168
-227.57568 450.39734
-234.21299 460.20302
-238.05657 462.75589
-225.01004 456.87286
-258.89081 483.55913
-225.15062 454.67607
-251.07343 489.65133
-240.28270 458.19038
-265.21493 492.08411
-223.35421 449.11725
-221.96207 435.14065
-229.16033 459.74863
-221.52874 450.23053
-236.19242 458.77479
-213.11578 427.29987
-228.43446 462.78194
-235.06420 465.54710
-219.62509 456.16278
-232.32426 471.04256
-273.25701 499.42100
-219.38088 446.34769
-252.89323 474.74879
-261.61125 487.52898
-267.79313 486.27345
-212.69299 443.96179
-239.33072 461.01244
-225.42352 443.57559
-227.22519 442.45296
-245.61934 477.53065
-264.70409 490.80625
-257.78695 486.02380
-223.99235 443.87120
-237.99080 465.65183
-236.02801 471.71142
-232.03731 449.78031
-246.75353 474.44254
-250.94119 479.38077
-212.18185 437.88574
-248.67512 482.83177
-211.47530 433.70093
-237.56451 459.31524
-236.30379 459.72349
-276.84902 473.95976
-244.89735 475.75266
-244.44642 472.98601
-225.80797 446.88380
-222.02658 443.97844
-258.45507 478.38090
-223.95968 443.34045
-217.12860 429.63986
-247.46446 461.98155
-209.82334 425.26824
-252.03047 472.23386
-223.96651 456.08555
-228.68786 457.03387
-238.76999 473.34082
-225.54431 447.16348
-200.17182 422.50118
-236.13370 475.90850
-249.02913 462.38197
-260.28196 500.31295
-245.43764 469.33146
-240.91447 482.20955
-245.17490 471.09478
-230.72145 457.10774
-230.02147 456.25999
-267.65518 491.82174
-230.70014 462.23425
-239.88220 471.94445
-268.15032 498.05185
-194.48920 418.37298
-268.95170 504.63914
-270.85566 503.98064
-226.21567 447.92340
-249.25395 465.94893
-204.26903 418.97806
-228.89111 451.53238
-232.77437 468.28468
-248.33449 468.09015
-247.35883 459.60348
-253.11398 479.17413
-250.75643 466.69709
-236.11598 465.99037
-240.58353 459.13744
-236.99606 463.29273
-236.99489 467.21177
-252.30628 481.85048
-235.67739 462.39957
-252.39550 488.48813
-248.36426 468.61596
-240.46151 458.97095
-249.10097 477.52024
-250.30610 470.43068
-261.95474 498.13791
-237.24961 464.12523
-236.94231 454.10175
-217.56581 446.44477
-241.48181 468.14505
-255.27143 474.79869
-240.25376 465.00585
-222.34136 450.58609
-219.34108 457.77388
-226.89259 448.14464
-15.945679 497.86361
-218.46537 449.72222
-224.01354 450.62732
-267.26005 489.78914
-271.36941 492.69464
-211.50742 438.26830
-232.78874 468.61466
-239.46391 474.61885
-261.86494 492.52870
-215.08474 433.13749
-204.90967 432.38222
-265.56149 489.28760
-229.25212 459.66602
-263.69708 487.52828
-261.48005 486.10399
-271.65201 484.22787
-257.03785 475.00221
-254.57639 473.98979
-241.29649 475.24410
-266.35230 488.54524
-254.73567 485.32390
-246.43697 473.22630
-277.05675 503.25437
-245.88515 472.74311
-257.11729 487.43089
-213.55530 446.41726
-241.69883 464.27232
-206.06267 441.03013
-227.39999 451.20956
-207.62321 421.92647
-236.28073 461.79370
-236.88918 458.71646
-205.34852 426.44771
-227.54762 458.28208
-224.78199 448.38384
-264.06578 492.05418
-266.72222 483.07568
-252.19357 468.97369
-261.64097 471.89143
-239.36999 465.33633
-271.85713 486.88615
-227.94146 437.60861
-217.94569 443.70170
-241.10185 466.94325
-219.95435 447.16311
-228.69544 452.01156
-229.36291 457.39410
-235.99864 452.52589
-243.63051 466.97721
-251.20147 471.43250
-231.51841 464.18959
-257.08181 484.52200
-246.61266 473.01853
-220.73365 445.96236
-238.57072 473.32191
-251.41039 473.98774
-243.13144 463.93173
-246.71762 474.20654
-201.49416 428.50818
-238.39244 471.85322
-216.98895 433.41113
-236.61917 458.00970
-231.74600 455.11889
-217.88384 435.10108
-231.80775 455.50438
-232.16441 454.66444
-257.96274 493.59078
-243.33403 454.32680
-282.61493 507.16015
-258.43050 475.33906
-269.53681 495.07433
-240.52370 465.41971
-247.07165 474.32468
-266.72679 491.28590
-237.35323 465.44678
-231.17571 459.87492
-247.81515 458.28971
-237.95842 459.84621
-239.72192 460.66934
-238.14217 468.38603
-247.04589 469.27478
-224.84528 444.02544
-257.94832 481.22751
-247.63475 482.70438
-231.56935 462.04570
-238.10078 464.86915
-235.58285 457.65848
-244.06287 469.29390
-220.33173 433.72945
-238.24804 469.87098
-222.58040 456.52479
-228.48975 451.13055
-263.14136 488.28807
-196.59550 411.88444
-233.90983 459.89650
-232.75881 446.75363
-227.09737 439.79782
-248.95572 478.91820
-208.70592 435.81864
-246.63078 476.04521
-253.38717 486.60327
-267.81148 500.09055
-237.21532 458.21540
-241.53523 470.99257
-252.12419 477.99706
-250.50793 476.46612
-236.17033 456.32451
-231.31422 443.90465
-259.02485 495.51067
-239.89916 473.57383
-240.60328 471.82381
-206.90415 433.04830
-235.70746 452.72784
-226.62044 464.14613
-233.23315 444.48008
-239.13569 456.11629
-207.65105 428.64011
-250.34330 477.92125
-247.89682 480.41006
-243.80448 462.76063
-215.22786 452.32242
-246.51284 464.52545
-229.03914 450.58802
-232.42470 452.53388
-223.14329 447.81999
-237.98188 471.58257
-226.63388 460.71811
-205.91881 436.86833
-253.17072 489.38384
-211.68276 429.95270
-253.17050 472.39773
-249.30451 477.37274
-252.86118 472.65182
-235.87406 456.95537
-260.31264 488.34751
-237.48005 465.40874
-227.02303 462.53205
-239.37021 470.59093
-240.81892 470.68379
-246.48871 475.96502
-248.18323 471.94436
-193.31311 427.89548
-247.51269 467.70020
-250.85243 485.44465
-249.99446 483.53861
-253.68108 489.89158
-238.37350 478.82291
-244.76415 471.98599
-243.69072 466.76292
-240.59488 475.42654
-271.51583 507.04465
-203.80848 432.57994
-232.67105 454.34304
-229.57252 454.35399
-245.04879 472.47025
-226.83843 453.29612
-259.00958 480.30465
-269.31475 493.48847
-252.15590 481.28016
-255.59167 482.97537
-234.73737 471.45849
-261.59606 492.05741
-227.97932 457.22636
-226.89132 455.71689
-276.74675 493.29542
-292.73025 507.08947
-246.87594 471.82797
-250.34310 469.16642
-213.48655 441.81615
-229.52967 458.81551
-239.52353 460.11480
-244.79780 460.62270
-241.64591 470.62606
-256.36921 476.97090
-257.23460 473.32701
-222.61217 439.83161
-242.06033 471.22067
-235.87149 454.52625
-245.84604 468.09582
-252.92048 472.45817
-262.60024 485.50224
-222.53352 451.06184
-258.50367 487.18663
-217.17223 445.35743
-221.11399 436.17644
-240.09586 463.89764
-217.44985 425.30299
-229.25414 448.53068
-212.73285 446.96102
-234.59376 456.33785
-215.05487 430.90981
-211.87190 434.01927
-234.97744 462.83444
-242.32154 452.30138
-255.10475 466.46061
-256.41731 486.25975
-240.98269 471.28831
-246.75578 458.70622
-226.62868 456.63773
-231.93623 450.72749
-238.30304 465.73730
-244.38194 471.08134
-240.98993 475.68081
-229.83142 464.83517
-234.75060 470.31019
-238.17903 457.83604
-232.92782 460.19095
-295.50218 516.66160
-260.35766 489.30091
-221.71871 444.52771
-269.14624 495.45700
-256.89929 484.33755
-244.72889 474.74419
-268.47418 501.81704
-250.97113 476.39069
-238.42088 459.58400
-205.38880 420.14595
-212.12417 436.47043
-259.97564 488.44339
-243.94444 473.75017
-251.00046 484.42572
-261.68491 482.60461
-247.78309 477.73903
-228.31734 459.95250
-250.86592 481.85072
-239.44040 456.76544
-228.79755 458.62328
-217.79742 447.33929
-263.26318 486.79553
-243.23405 461.76613
-232.54012 458.93491
-267.21654 492.65311
-235.80558 456.34179
-246.31440 479.32753
-244.15490 467.43344
-235.23262 452.85358
-216.82715 443.35393
-251.99955 482.34810
-195.26650 419.60712
-225.47769 451.94860
-255.38744 476.04234
-220.35135 437.05038
-254.09670 479.67966
-254.85539 483.72328
-230.32795 466.34914
-236.34646 457.52396
-230.02572 449.80420
-255.55310 490.39651
-246.11417 469.00438
-240.86019 476.41254
-254.65992 487.36028
-222.39340 449.45798
-257.88601 487.17597
-244.69935 473.12651
-254.69154 481.28682
-230.30566 460.40607
-210.76647 433.22565
-219.34084 446.03242
