-22.036714 898.08730
-24.431389 873.00763
-24.127932 859.23153
-22.070556 870.68325
-24.358554 894.88964
-26.966046 926.84013
-23.692573 894.30748
12.981133 871.62029
-16.361485 886.55529
-19.912402 839.04087
-24.673016 862.75410
-19.936020 827.18269
-11.230068 874.46994
-17.131156 900.10300
-11.366295 896.40296
-18.805578 828.95327
-8.2842777 831.49364
-3.4110391 888.62433
-21.982973 854.88256
15.901790 899.78539
3.1920892 881.84217
-23.161374 840.01398
-23.792845 835.22409
-17.724807 831.40776
-17.411545 802.30912
14.592733 875.54662
-2.7671054 928.32618
-8.3675620 901.53530
-21.409513 905.04056
-22.956366 905.00722
-23.157667 840.38972
-26.739767 928.46308
-20.679841 910.12954
-7.1397492 913.37312
-13.808112 858.23018
-1.4705377 846.21470
-20.638067 860.67852
-17.272859 876.20883
-22.751196 885.60531
-25.480905 895.04283
-20.470046 853.20994
-17.931644 893.07873
-23.776621 846.74055
-17.855615 772.70297
-24.938547 909.95573
-23.781931 920.95732
-5.1014575 880.05113
2.0551495 886.83499
-17.099631 897.36301
-22.697458 868.31050
-24.346711 892.76623
-20.499455 847.72829
-15.620882 887.40551
76.714582 846.06412
-12.197347 844.28837
-21.773146 836.39601
-6.3731198 850.14046
-24.782320 895.23763
-19.648714 858.92529
-19.138203 922.96293
-23.015160 905.35694
-23.108942 877.27344
-20.811006 829.67401
-21.384723 868.31226
-23.158883 906.90056
-2.9712699 898.83326
11.915168 897.74112
-14.888939 878.42969
-22.153041 885.58969
-2.8697086 872.70276
-20.932614 910.76568
-24.654472 876.87854
-19.591562 866.59569
-9.1008447 872.41526
-25.319527 920.85253
-23.488969 850.15348
-24.758248 907.97957
0.92462215 937.18371
-21.507261 819.78091
-15.837543 873.00242
-20.308904 866.37655
-25.624178 917.91311
25.964511 885.89502
-23.176381 874.24561
-19.607831 928.25264
-24.008849 857.21743
-24.853932 872.63666
-22.219257 845.39814
-20.942309 862.23206
-18.553404 902.97436
-9.9595789 870.76808
33.182602 879.40455
-23.911979 870.38642
-27.275055 931.90988
-25.170648 879.60199
-17.823704 857.38390
-23.482034 858.40672
-8.6026785 885.21626
-1.3843253 927.61466
10.010093 846.10594
-23.916465 906.94046
-5.5637442 925.48847
-16.248994 870.76132
-22.107791 921.62252
-20.447477 869.68487
-22.212993 873.60252
-18.654683 870.66660
-4.7396234 929.97576
-24.369859 882.20014
-23.274118 884.20397
-19.359110 835.98360
-5.4277454 941.55577
-25.766831 904.62193
-18.487785 936.63361
-22.735446 893.43322
-21.618775 906.55636
-26.879512 936.92599
-20.161320 858.23772
-21.504840 868.78263
-23.904969 880.57665
-20.454572 858.69572
-5.1207617 890.22664
-20.546545 878.73525
-17.974941 879.34729
47.115643 854.79603
-20.720742 877.52907
14.082585 867.53253
-14.226405 892.55066
-20.146714 877.13316
-23.253749 832.92508
-24.140293 901.93670
-25.158588 910.81730
-23.024409 857.42236
-4.7179688 926.77763
-21.837688 839.42491
-23.784015 871.50776
-12.823983 929.76631
-23.496837 841.05559
-18.645747 858.77548
-20.979460 847.73056
-21.929925 890.44150
-24.607663 884.89508
-5.3482968 925.18103
-19.684596 826.18182
-19.721321 855.88048
-23.033740 882.99952
-22.641824 886.59743
-21.508450 898.23324
-24.585162 862.88654
7.9477282 864.58774
-21.520470 899.69269
37.264075 820.08884
-0.87809909 898.71934
-24.843166 924.34659
-19.562291 849.38988
-0.78396487 865.24655
-23.616514 868.07824
-21.194336 873.11734
-18.113593 914.06328
-24.444849 916.27716
-13.404583 862.53413
-24.079417 862.23848
-21.583081 862.05510
-5.5802234 904.30539
-25.515895 926.81592
-25.705186 923.08064
-20.757641 896.87489
58.752342 843.87740
-10.531279 910.86389
15.237446 875.02000
-8.2429856 891.57625
-22.246816 872.17896
-6.8216709 845.81385
-25.501273 905.97556
-20.084247 865.91847
-2.7671659 860.73024
-25.919728 947.26212
-22.210850 864.95882
-19.305949 833.66106
-23.010510 824.87401
19.187137 911.48852
-26.256746 921.46673
-12.918156 884.12258
8.6659167 948.79250
-23.309839 915.80231
6.0558355 902.44578
-17.618249 914.61341
-12.731202 919.02664
-23.226918 883.82422
-23.250108 847.44587
-23.193421 884.50442
-22.134344 855.39336
-24.750921 879.25960
-21.388721 823.78333
-23.287719 917.62698
-19.326303 870.40447
13.249357 887.63464
-23.951137 865.73862
-20.641731 814.42946
-26.645752 961.92700
-17.169252 860.58056
-22.046698 881.45430
-20.719492 877.25844
-20.805958 830.93934
-20.973814 870.55298
0.097410562 886.68844
-10.328390 946.85248
-20.403033 843.36570
-26.205599 920.12750
-14.010206 875.48957
-5.4159387 859.24507
-8.4971481 905.33698
-21.535850 871.58997
-26.084312 944.93915
-23.665435 863.11444
-17.188083 904.66793
-13.310164 886.51390
-16.598953 885.49064
-16.167066 879.31349
-20.845607 868.11862
-0.61748202 860.26969
-6.6614218 853.91478
-20.435332 850.70684
-22.922037 867.83083
-24.240573 870.33745
2.1901550 879.64144
-0.70436615 924.77393
-11.913350 884.22233
20.125532 863.75526
-17.233965 817.28938
-21.950778 825.08498
-21.225414 887.93983
-22.058959 885.71679
-13.915496 862.76370
-23.911642 867.45484
-25.693457 918.42186
-24.208554 862.40478
-13.030534 876.84315
-24.047326 864.48471
-15.026364 879.32272
-21.486152 846.36849
-18.954371 885.46631
-20.064216 900.86464
-24.177383 916.23808
-24.434862 880.20564
-14.844746 886.30433
-20.614355 897.68731
-20.424572 876.94472
-24.332917 882.54864
-21.531410 842.26811
-23.505144 848.91175
0.44392421 913.83671
-16.363820 919.84781
34.184404 884.70222
-18.829154 852.50431
-25.006197 907.01595
61.868978 889.10552
-22.643626 851.83385
21.743498 912.89684
-24.271202 897.77405
-25.399592 915.25085
-18.545907 882.31978
-20.014513 888.31202
10.175468 940.51045
-16.975358 908.34141
-25.056096 894.37057
-24.162381 881.24756
-16.211100 902.27617
-20.807484 888.08506
-21.883675 853.33565
-22.777119 854.28959
-23.392357 857.12574
-23.089932 855.98672
-22.507387 886.16738
-16.303403 832.48816
-17.025392 904.20349
19.523667 876.60310
-23.800324 909.71203
9.5739517 837.52490
-23.463699 879.75651
-24.318812 865.63028
-23.497681 898.46334
-15.380845 889.04575
-21.158785 859.45705
-17.045152 879.60362
39.590723 891.94503
-18.905302 904.31375
-21.082662 840.98465
-19.429867 824.60776
-25.549994 910.97762
-3.5490543 885.66209
-21.616892 871.81972
-12.970879 872.59781
-20.511188 822.10035
-5.0152240 886.05588
-19.090884 842.87118
4.0896670 893.93930
-24.425753 887.72720
-12.901229 890.14314
-20.430692 840.13721
-21.763670 868.63266
-22.683915 849.17591
-18.183522 857.72236
-23.710015 925.81360
-20.937959 856.24661
-25.654735 922.49974
-22.309584 930.38780
16.383571 823.28325
-12.916069 848.39072
-21.070951 912.23571
-20.561918 866.20221
-22.213409 916.81201
34.072961 873.06987
-23.599225 850.41710
-25.449286 902.36626
-22.560406 866.30900
-3.5140900 926.99390
-22.035735 854.72827
-21.932298 886.29185
-22.849227 905.66578
-8.7583316 870.03118
-21.929505 865.05227
-20.892209 880.00140
-11.335422 867.19393
-11.010945 863.37055
5.6464364 876.26603
35.997077 901.22040
-21.508118 868.94811
-24.337054 875.42762
-12.718389 948.08248
35.604969 884.14830
-25.712047 908.58647
-4.9905381 917.46408
-20.089302 857.39678
-20.388434 862.10543
-21.495767 876.24446
-17.089197 854.83926
10.593739 872.76207
-18.998558 834.55844
-24.450448 881.79381
-23.991374 893.09975
-20.033164 848.73783
-24.519758 899.14323
-23.998248 970.23615
9.0655649 910.30796
-26.401696 908.02786
4.1997488 913.75361
-7.6163977 917.27557
-21.370779 875.73282
-13.243671 918.28837
-22.166821 823.54622
-22.124452 866.99423
-18.988084 839.11732
28.139029 944.89794
-23.833766 877.14136
-20.794843 868.96946
-24.326601 908.61868
-9.3835874 909.58983
-23.341969 868.27427
63.536776 913.73709
-15.771502 905.65754
-17.001413 888.39870
-23.762982 908.95588
-21.886064 890.39906
12.137689 891.47390
-22.705073 887.06372
-24.699396 913.20551
69.077090 890.41391
-22.968264 929.63387
-20.096498 848.86743
-24.786985 878.25516
-22.121454 896.15179
-26.556994 925.65904
-9.1070786 878.05042
-19.151254 905.85375
-22.298776 866.74846
-8.1886744 823.72050
-21.373064 860.69392
-22.906713 912.91869
-14.331086 853.60363
5.5947424 897.36097
-23.460772 840.34931
2.4696890 876.47167
-22.985038 854.41059
-26.181637 924.35666
-19.975491 855.23178
-25.510960 914.27788
-22.648195 913.64205
-19.196204 877.14406
-20.801618 855.41401
3.4505749 902.88844
-21.073333 846.67034
11.481308 814.46342
-22.282152 908.49857
-21.912396 856.30345
-24.091862 870.63653
15.267787 896.76366
6.8737826 971.61691
-18.036006 846.41427
-23.083011 849.68093
-23.926157 888.65788
-23.897666 882.81498
-22.040824 907.37369
-25.599954 911.46736
-23.856750 894.97656
-24.040660 871.13359
-23.540247 834.56043
-21.411191 876.64599
-19.170156 843.74186
-17.845394 883.48373
-10.908047 877.61822
-23.274091 867.87666
-21.302079 851.36195
-15.303199 871.14458
-23.228346 844.97661
-22.643551 876.75387
-18.232790 807.47225
-12.814344 885.14335
2.2146625 879.92358
-17.694068 846.11959
-14.754031 866.85964
-6.9944196 832.30385
-24.914865 860.45857
-8.6504053 895.12132
-17.870792 820.91219
-24.224898 945.13188
-8.0468116 888.83917
-23.941638 872.51188
-17.148004 909.85413
-14.654399 865.67174
40.316460 940.75933
-19.793275 854.01241
-26.407587 923.40454
-20.498175 843.06966
-12.133183 924.70403
-2.5336463 874.29777
-19.108795 844.97287
0.42973631 918.05400
-19.383857 839.09682
-25.845501 907.51836
-23.386389 862.79036
-23.509295 904.50373
-25.779100 922.94953
-20.841041 887.64327
-22.312395 857.93409
-21.053699 856.78535
-22.772570 872.71641
-2.5487210 891.28462
21.192866 883.79516
-23.341068 948.86364
-21.365247 867.75877
-12.186015 882.21028
-19.776864 848.95601
-22.849228 926.21333
-19.735854 813.62202
-20.093349 884.56970
-22.832536 836.18769
-25.115757 920.96423
-21.025810 865.99582
-23.629086 850.29837
74.995556 831.55125
-11.518837 860.87337
-6.2355170 908.14222
-24.313982 916.12605
-4.5844382 902.47723
-20.872758 866.54991
-21.431225 890.30858
22.725797 897.72607
-14.757740 874.01011
-24.063127 889.07209
-21.851191 921.63852
-23.195519 843.58927
50.874229 896.05733
-16.701058 861.18633
-8.6752231 888.74863
-26.074515 945.79065
-25.355924 937.95538
-11.379781 911.65912
-25.383710 894.53731
-15.086664 858.00558
-24.649190 902.89185
-20.770319 902.49771
-5.2614557 934.69868
-9.5754956 900.02362
-21.495736 863.45488
-23.132138 852.40414
-25.068106 890.08667
-24.293204 895.59198
0.84017939 913.16207
-22.426398 848.59090
-21.255822 917.36548
-21.760832 855.13571
-22.756303 938.22633
-18.379256 871.17552
-10.295322 907.57250
-21.341695 853.90946
-23.247845 892.71669
-18.994111 866.21316
-25.375678 907.48360
-11.609619 888.21588
-14.006440 876.55358
