-298.27258 481.35647
-258.06047 452.93135
-222.08016 413.56116
-210.67690 401.66339
-266.79968 442.61822
-229.16039 417.87674
-202.43060 388.59036
-255.92521 432.63042
-250.12138 432.14677
-256.82286 449.94795
-286.38240 480.02696
-246.67019 452.02747
-249.77402 433.16173
-218.99060 412.93523
-244.99393 429.94283
-259.79783 455.67073
-247.18347 440.55957
-246.21665 437.43474
-236.55333 426.33183
-234.42222 419.30586
-251.75276 444.95494
-256.74061 441.66259
-237.42160 430.39358
-252.80887 444.14730
-265.40200 453.47785
-258.67681 450.25098
-267.38926 455.77165
-238.22421 427.43679
-233.78374 420.78328
-254.29319 444.18599
-217.88752 411.48768
-247.09509 442.90527
-268.55404 449.72443
-264.84040 469.22262
-252.61116 440.27653
-235.89789 418.47909
-262.72787 450.84293
-196.92982 407.81148
-231.62876 427.46889
-241.04175 427.38021
-236.97888 445.25006
-237.00924 449.23160
-241.87399 438.00524
-261.77470 450.04561
-289.83030 474.77929
-243.07747 425.37367
-274.05405 471.03198
-251.27940 442.24409
-245.84930 433.10769
-252.50105 435.49433
-246.80488 441.83281
-237.19513 435.91720
-257.76805 450.61555
-265.47556 448.94137
-242.69380 436.62974
-245.85165 441.02343
-254.73198 442.48722
-255.99654 442.02864
-278.18565 460.62080
-223.84566 413.72416
-224.16439 417.99662
-265.41458 469.82202
-240.57727 432.14773
-227.72607 418.90252
-241.67501 433.41785
-246.58838 431.45230
-211.34646 402.18274
-277.69524 458.67398
-225.73883 424.82114
-218.07611 424.83849
-244.56401 443.14341
-246.86994 428.34490
-235.53235 424.66195
-243.06409 433.22118
-251.76740 451.57134
-193.02489 396.45625
-270.08419 452.69108
-262.30535 453.11224
-269.77506 461.84185
-226.48904 432.10880
-265.77172 462.35764
-212.63422 407.07962
-256.91959 446.68492
-227.57064 414.30665
-224.75676 421.40275
-235.25736 431.67430
-257.73224 440.78357
-258.11854 449.24434
-264.54700 467.89730
-253.73638 443.09104
-219.01126 414.73403
-235.42638 422.99763
-261.62218 450.51084
-250.89226 437.59736
-260.73257 459.09354
-242.08137 425.75157
-239.04138 436.33291
-259.86349 448.03955
-246.93867 443.64457
-283.15450 472.58796
-236.21399 418.41971
-248.89297 427.80814
-230.64829 425.36641
-230.27820 421.35821
-279.70787 470.54274
-228.86833 420.62357
-249.33135 441.09950
-248.45800 437.88404
-283.53332 464.31317
-283.40666 463.44770
-251.65261 439.87092
-240.76803 426.19333
-265.11004 451.23206
-275.58795 467.68686
-274.06252 460.77872
-233.70024 427.88584
-234.75422 429.67391
-269.67939 450.44955
-276.04387 478.37632
-236.65712 437.89347
-261.36372 452.66215
-241.99595 435.78383
-229.54636 417.57033
-256.13166 448.65529
-258.56954 436.22025
-241.83841 433.98406
-241.82169 433.36827
-231.64167 412.90136
-261.63932 449.96685
-251.92676 446.74118
-232.51083 427.48746
-248.56986 442.24044
-237.27428 429.96934
-244.31585 443.33896
-249.21844 439.21384
-254.92610 449.53361
-254.77964 450.05784
-276.00426 462.11637
-245.58757 439.92530
-251.97507 442.57836
-262.70281 457.63535
-248.83720 427.44438
-267.38367 453.66662
-271.71050 461.37958
-252.24078 455.12997
-250.53806 455.93755
-238.17972 424.61584
-238.05680 420.74837
-274.84689 473.34131
-263.94202 451.39297
-222.88503 412.47397
-250.14191 449.59615
-235.20473 429.69190
-253.60380 448.61134
-247.84760 437.33635
-255.02882 454.16569
-239.29809 432.66400
-236.14783 431.97045
-230.03706 433.50923
-268.37234 455.49750
-229.81260 430.94792
-260.82966 461.61857
-225.36762 415.24276
-254.09098 443.77184
-241.94440 432.83425
-243.31386 436.75700
-225.14628 423.50929
-249.19162 442.73260
-234.58670 420.74054
-258.03211 455.04833
-227.05286 430.25915
-233.17930 428.50508
-220.80772 415.90645
-267.66961 461.32321
-272.06514 440.68812
-252.08081 443.24093
-243.02589 429.05629
-278.65079 456.51122
-230.71903 427.19591
-220.83082 416.79979
-253.41331 442.15242
-228.99283 419.69158
-246.95049 449.70649
-283.09221 471.09263
-255.61622 423.29851
-254.04420 447.61928
-264.23794 466.22025
-262.86414 442.71169
-265.58955 458.61375
-272.04370 477.80218
-283.34321 469.05272
-243.82104 430.03812
-277.16128 469.20990
-253.50582 444.26820
-254.24120 439.82718
-266.19862 466.63151
-222.86208 416.74817
-249.84831 447.14109
-246.87328 436.08893
-259.43206 436.49350
-250.06239 452.65123
-257.49428 441.93229
-274.09537 460.58135
-197.33286 395.92904
-268.26647 468.05186
-249.80496 448.34167
-226.74301 413.26828
-239.55689 432.96291
-246.69085 436.77585
-241.00908 425.36314
-290.39395 469.65396
-240.91611 433.61190
-245.44923 441.49974
-244.16873 441.98358
-216.84761 404.33308
-230.32332 422.77241
-229.60223 427.06887
-249.46587 443.30042
-254.41784 456.66727
-243.11276 437.24645
-212.53695 410.85296
-237.44710 430.43553
-272.28119 449.33706
-244.62609 428.69821
-238.72404 430.90120
-232.71867 429.09926
-234.74316 423.00788
-261.48116 455.14716
-229.73840 420.17557
-238.69593 434.99348
-277.24220 462.59788
-272.85143 459.79188
-245.43305 436.39736
-253.62366 443.70360
-252.19647 436.28076
-256.05396 448.08260
-249.00162 431.08059
-243.87565 436.59883
-218.82481 417.04146
-234.96378 428.48071
-255.15362 443.37314
-272.20106 455.15345
-253.32053 441.71361
-260.00082 448.93643
-287.39115 486.12365
-254.34323 444.15103
-254.77532 439.27497
-246.16925 435.07610
-243.49612 434.39444
-252.09066 445.96307
-232.56557 418.28266
-207.18910 410.78730
-270.62002 459.68366
-230.33683 425.30214
-247.06433 428.39397
-221.08916 420.98304
-258.43330 444.38999
-261.23522 452.79725
-261.64054 463.80770
-264.63649 454.97102
-258.07695 440.10850
-222.81556 412.84065
-275.11280 449.18899
-260.55842 449.64895
-248.97247 439.95303
-225.60320 411.72486
-262.06580 451.14794
-256.32659 444.79111
-250.17604 422.49339
-279.52626 478.81144
-245.67817 439.14782
-222.11015 409.64613
-261.56002 460.85169
-237.39487 419.43121
-266.96019 466.87388
-257.59152 453.98102
-256.08024 442.90224
-219.56870 404.82295
-234.68961 433.78371
-219.87739 412.35206
-259.57688 454.95232
-263.32026 457.94423
-262.85883 451.13149
-265.26341 456.80181
-259.85403 446.21677
-302.88043 492.56018
-234.82509 424.09288
-267.62652 451.20813
-215.78688 405.10288
-256.07506 439.75480
-229.30855 406.42640
-264.19566 452.57854
-271.11661 466.10882
-286.31185 467.48075
-253.09559 442.38448
-257.68997 437.46042
-274.63915 466.34492
-241.12270 436.20204
-213.89970 409.80419
-252.69720 451.58612
-288.43383 478.40881
-245.24921 454.20888
-272.33445 466.74733
-246.37736 438.59682
-252.60242 443.62322
-267.17839 453.94169
-273.78295 468.65021
-285.00892 462.51366
-238.06791 426.59038
-258.05372 450.64909
-233.96162 412.03013
-260.84038 444.13837
-248.47713 435.77885
-217.11296 400.39741
-255.21755 447.24372
-226.46067 417.70735
-232.61269 420.25263
-250.32247 430.73215
-287.79911 472.79415
-253.32657 453.08297
-265.97571 461.70202
-234.53027 437.29581
-241.39482 425.80055
-264.35370 468.14248
-240.91759 429.61780
-244.17715 431.93643
-240.89136 431.56466
-240.24119 436.99498
-237.39608 427.95160
-249.93320 433.81136
-266.98525 448.87251
-238.91929 436.63683
-252.60312 447.70391
-259.57101 450.07895
-250.81677 440.37695
-234.72233 430.71748
-236.61593 423.74381
-249.03732 425.24655
-260.42305 457.83927
-258.32936 452.94063
-246.53780 421.79123
-250.69517 433.20732
-228.93793 415.13225
-248.63322 435.17519
-217.64781 408.17905
-239.60897 432.38226
-264.40326 460.03610
-258.75207 442.77777
-244.53518 444.87060
-248.04914 439.63362
-236.80041 424.73071
-237.99158 432.09761
-243.70234 428.42457
-241.07346 417.15374
-273.25853 466.79899
-265.38321 462.53887
-222.62491 421.00396
-204.32324 388.47894
-237.70638 430.87946
-251.76946 445.76642
-244.67670 436.60186
-256.26679 462.34398
-257.64698 448.81120
-248.37965 439.79039
-234.51421 421.24424
-254.21005 433.05639
-255.76051 447.72413
-241.74547 438.32163
-234.48130 426.60246
-242.24251 439.59419
-254.83380 429.34859
-263.44805 448.99225
-255.15696 449.71861
-238.81218 433.08271
-263.90468 452.63783
-259.72052 459.36627
-260.93889 438.59116
-250.12699 435.56682
-256.58522 445.72080
-254.95698 439.90510
-253.10288 440.04116
-248.74199 446.50504
-285.51031 453.41320
-262.96949 439.86965
-262.28105 461.62565
-240.18880 435.32871
-249.16725 442.38334
-289.03042 460.43409
-266.37943 447.18227
-241.27641 429.52513
-265.96353 447.16782
-278.38395 472.11623
-239.80312 429.98322
-258.58970 458.32311
-287.55956 469.30225
-271.25829 457.19052
-255.03123 459.12597
-246.59029 430.81928
-258.52070 455.00923
-277.78145 451.57660
-247.77367 430.53376
-230.27331 418.88189
-264.34972 441.75037
-246.79095 432.26087
-259.55690 453.60719
-246.28532 445.97142
-269.83873 459.70225
-239.98304 435.08761
-227.73286 418.50975
-275.89565 450.62959
-256.95670 441.22555
-244.82499 436.98802
-236.15596 416.22536
-266.63920 444.80120
-255.41145 437.13664
-264.52420 445.51877
-248.51318 437.03338
-236.13946 417.00690
-275.65933 453.55221
-240.99348 421.24013
-253.15316 437.12626
-252.86694 438.99161
-240.50091 429.00452
-262.35800 451.43201
-240.41671 428.29523
-236.05926 433.70215
-235.61650 425.38435
-260.43924 451.85076
-273.67512 466.03749
-258.63947 440.78289
-241.46434 435.03654
-275.25328 464.62550
-240.90226 430.91900
-290.54693 478.94071
-264.41222 451.20358
-279.20257 469.20355
-279.26444 464.09035
-263.50500 454.99179
-238.25734 423.44047
-250.03325 434.45768
-224.34289 408.14950
-239.37881 447.57266
-225.24520 416.49564
-273.34755 449.04432
-248.76283 448.59425
-251.69554 440.37758
-231.76503 417.50410
-204.00638 402.24258
-244.40949 438.28072
-246.46306 435.75269
-242.40306 446.67372
-209.40780 403.02142
-243.12265 436.40136
-269.59457 455.92300
-251.50450 445.44038
-266.20234 455.96434
-267.64375 465.88777
-258.28637 453.06799
-263.54391 449.67657
-262.44427 446.44379
-241.63956 429.42404
-266.18327 463.65767
-272.38495 466.18151
-309.09534 494.87924
-239.92202 429.67243
-250.18967 437.18630
-272.68979 471.23242
-276.21340 461.11283
-234.30918 425.00823
-224.93973 427.63265
-221.37510 419.97081
-236.32935 435.70214
-263.14426 454.46898
-296.73032 476.14510
-251.31555 447.49767
-242.50085 434.23318
-256.72791 438.08709
-262.71097 450.99746
-246.74421 425.90492
-265.74620 455.66158
-260.79818 449.95444
-266.64744 450.79747
-273.75192 456.59338
