-253.86669 407.67677
-271.80801 425.23819
-268.60691 425.91002
-264.72905 408.02974
-270.44056 422.16595
-231.00179 384.88007
-254.70521 405.63432
-245.29256 401.62516
-240.15121 398.62253
-247.11268 397.63826
-270.88709 432.15236
-224.82423 391.22200
-231.86927 403.40862
-249.28112 405.77964
-254.57822 417.52336
-246.70773 404.65923
-278.85341 428.54319
-251.68117 403.13437
-241.59161 401.49939
-278.10161 425.36634
-279.20615 417.78060
-268.23235 413.92413
-278.71089 435.88014
-260.82943 420.87958
-251.12206 403.84916
-246.97380 407.26280
-284.20816 421.53448
-225.57787 385.46769
-253.44174 410.67858
-272.74430 429.60195
-263.65706 423.41441
-283.32877 440.79650
-235.79100 402.71629
-252.46183 408.90093
-282.16392 436.64198
-269.34179 422.88788
-260.93916 408.95966
-235.05505 393.80926
-225.48040 394.74341
-287.95455 431.26715
-264.53130 422.79536
-248.66968 406.11467
-284.14270 441.93804
-241.76599 405.66152
-235.13563 388.27760
-264.40118 423.36075
-256.48447 418.00701
-291.10385 435.70968
-282.09056 446.05103
-258.63659 423.57037
-272.22012 430.77978
-237.85002 403.44243
-264.17546 419.29987
-274.10040 438.26278
-270.17211 422.59861
-250.42005 408.26360
-284.91835 429.50603
-255.70790 417.06608
-263.42912 418.08580
-251.99574 412.01103
-279.97994 435.36142
-256.51459 411.76021
-258.92755 418.49963
-237.69812 400.72845
-279.45424 438.37895
-293.52135 449.44370
-243.68363 405.59762
-254.86039 406.81731
-250.72613 413.12549
-265.38104 415.94571
-242.77027 400.90588
-264.41032 420.10377
-255.58991 414.59959
-243.36474 397.71084
-242.53392 408.95808
-245.68258 398.02319
-270.23452 424.66202
-262.31726 416.91837
-281.09017 438.96793
-272.38247 424.01584
-250.77896 416.58501
-259.93984 415.68241
-280.62370 433.51592
-262.14515 408.26127
-266.05217 406.88429
-263.30044 406.42126
-260.59254 414.47892
-246.89218 413.87585
-251.48027 410.94188
-250.09882 393.30989
-250.37941 408.72208
-254.96088 407.79192
-279.29206 441.98641
-270.40131 419.11644
-223.82564 389.12775
-247.60828 407.13049
-228.01767 385.74520
-237.61321 399.85559
-279.15037 420.78719
-270.85185 430.77620
-271.39874 427.63510
-233.23841 389.32009
-242.82536 404.33799
-241.64828 407.67008
-302.32226 445.64267
-221.37137 380.45892
-258.55539 407.83913
-285.62905 435.38736
-263.66676 427.67622
-257.24599 409.67405
-264.09502 413.14286
-234.69832 406.57792
-236.97182 398.91749
-262.90190 421.49622
-289.88951 445.36866
-279.44046 424.71167
-259.86738 409.04195
-262.82471 410.99600
-272.10161 422.53846
-267.26313 417.74184
-276.67096 428.65151
-267.13233 428.65581
-269.13907 426.22967
-233.49771 389.16289
-272.82894 426.44992
-230.70909 385.37901
-248.28183 407.74554
-244.96391 412.90245
-258.48618 404.42767
-273.50866 428.26377
-291.85348 438.39667
-254.50294 406.47649
-257.57444 417.81581
-278.29931 437.11057
-210.03064 377.57909
-277.74561 441.41845
-261.24335 430.91796
-242.17052 395.84901
-220.22986 382.68938
-254.65727 418.17698
-248.15581 407.46162
-286.33342 444.08967
-268.38588 428.03999
-231.51461 394.79728
-219.37706 377.17585
-260.03989 419.71429
-280.18231 432.41357
-237.05243 397.11215
-257.30606 410.19964
-260.05020 413.28814
-262.17951 431.99672
-256.34205 413.66274
-271.02268 420.85986
-241.42284 391.57062
-234.37377 397.90228
-243.96120 400.32148
-263.15615 418.27109
-276.13153 412.37478
-291.42377 446.24346
-208.26266 375.43304
-252.02783 414.87597
-213.94527 372.35758
-276.57679 429.26186
-221.53496 385.76923
-234.08248 401.09723
-261.95652 417.37639
-218.65929 379.94371
-287.19913 435.39868
-256.20287 417.80927
-294.92236 445.05853
-258.54889 418.63088
-299.49773 454.48230
-252.36614 418.48460
-283.25447 435.84270
-267.41659 416.98135
-270.47381 431.89380
-251.29575 418.75948
-263.49576 416.22619
-276.32745 426.83059
-298.64799 450.24538
-254.60006 417.56461
-295.78910 444.87340
-250.26772 400.50910
-250.18624 412.29813
-272.23866 419.95292
-257.14228 414.94045
-261.32226 418.20011
-232.34610 397.30007
-267.83364 413.03111
-253.92043 408.79597
-271.22143 429.21164
-288.28198 442.72116
-258.05937 425.77760
-263.28345 418.40258
-265.50215 411.94520
-267.99279 422.66275
-272.82898 431.12386
-266.79540 421.51993
-225.92390 392.81078
-246.07367 394.48721
-269.73020 429.33633
-263.20120 424.36981
-240.91371 401.63884
-248.04976 404.61829
-256.36023 409.21285
-267.48232 418.89048
-243.24209 403.37329
-272.94771 408.69435
-255.38917 417.92653
-231.07331 410.60421
-249.05185 400.71472
-240.14846 409.64649
-266.46975 424.60550
-248.95191 404.69637
-262.77070 418.17327
-262.30826 414.88921
-255.81917 408.88855
-264.29764 414.65619
-249.38563 412.42415
-285.14195 439.12391
-279.61159 440.93330
-222.46218 380.29410
-252.12706 415.99955
-268.51645 427.43493
-276.27286 437.64452
-250.92844 415.39132
-272.45350 434.18638
-296.98856 441.75170
-258.68126 405.95134
-267.38397 426.90945
-240.22714 406.68384
-248.15394 402.46776
-245.22187 410.93980
-246.57648 407.11290
-275.65260 428.91182
-252.36060 411.81630
-236.99950 392.44236
-251.44820 412.66977
-215.08517 370.46862
-289.84261 446.84198
-263.55580 416.56239
-247.97572 403.82582
-272.02974 415.49418
-272.21073 428.06316
-241.05602 400.17289
-250.47989 403.51257
-262.54406 409.01984
-247.18237 406.25207
-285.57295 439.29643
-224.16981 391.71336
-246.79750 413.48780
-287.29227 437.07647
-273.48660 426.88620
-222.20204 380.55177
-253.94828 412.12965
-253.12552 408.23456
-255.71499 417.30481
-278.72607 421.82184
-249.83114 416.41900
-303.40331 458.93394
-199.61483 363.72958
-253.11579 408.58331
-255.23001 414.39395
-260.31841 412.96365
-247.55108 405.48355
-288.96819 438.51212
-228.32242 379.89779
-292.30578 433.12307
-261.96696 417.25075
-279.62287 431.82833
-263.20108 413.03039
-223.02346 382.96927
-255.04466 412.62532
-241.56004 405.37590
-286.79318 439.42800
-272.79787 425.97922
-267.54210 424.97498
-315.03237 461.85431
-252.88564 412.15318
-241.60474 392.24474
-286.06637 453.16968
-249.16214 409.15478
-267.98769 431.48832
-232.91387 384.35355
-234.90049 406.50350
-258.96738 421.54534
-275.72072 429.79731
-252.08291 400.74576
-239.64089 399.61680
-251.68563 405.25913
-239.91801 401.40053
-230.72700 391.80842
-239.44314 404.09674
-248.84115 411.19568
-252.49169 408.73917
-268.70052 428.32127
-246.10302 405.02976
-269.38938 408.94780
-224.29670 381.28249
-254.39247 406.87534
-246.75269 413.48861
-281.70830 437.90293
-282.12225 434.52978
-250.84173 396.34745
-264.85843 424.13861
-259.25767 422.05959
-264.68956 420.21412
-229.84674 400.42327
-257.65658 415.98779
-273.88924 436.24942
-268.98006 429.39942
-274.57821 424.84317
-249.72265 414.46765
-293.12863 442.66625
-230.57234 391.13639
-239.39109 393.64766
-244.10196 408.28372
-262.54834 413.05060
-246.28058 396.29703
-268.93150 423.12187
-271.00448 419.50550
-269.36245 413.63279
-231.64970 388.37035
-255.82420 426.57005
-271.30507 426.96638
-224.89204 379.66905
-251.90262 405.04692
-279.22736 446.89907
-248.42817 403.56883
-260.16131 418.82709
-225.95452 381.84388
-265.92077 423.37058
-250.58649 404.42208
-267.97243 419.57722
-271.58286 427.56865
-237.43366 388.63680
-274.59003 422.48207
-268.34669 422.09733
-249.81182 408.56326
-272.87705 424.93837
-282.27295 439.01663
-230.24553 394.72736
-261.04390 413.85292
-250.00662 411.00637
-250.40598 407.44909
-251.65510 414.52812
-255.47169 415.18468
-296.74081 436.51355
-260.43047 416.01081
-225.79960 386.01784
-280.79629 422.45844
-251.67160 411.63296
-270.86335 425.49858
-245.67964 404.20966
-273.19134 428.65564
-297.01243 446.27068
-260.37606 422.00068
-260.76987 417.59029
-248.93679 416.08924
-258.91600 422.25825
-248.66540 411.78665
-293.74088 440.41396
-272.67091 425.19364
-252.51404 415.91067
-257.76199 413.83151
-247.22513 416.03615
-294.57674 437.97647
-302.16704 447.26099
-264.00675 419.12874
-281.28293 425.96936
-281.16864 441.74676
-232.12844 398.50953
-287.98154 435.77733
-292.01142 444.43059
-263.80349 414.43518
-231.33634 390.52010
-267.75130 425.62015
-269.69821 426.59082
-251.42279 411.93118
-248.58225 411.11376
-246.54096 405.00029
-248.26597 403.28499
-249.57014 416.77339
-246.84424 411.87670
-281.87207 427.60345
-235.64787 393.93812
-259.74891 412.77111
-277.18665 443.39583
-265.14997 423.46670
-260.49487 422.23678
-287.48660 442.73105
-240.92587 395.92919
-261.76403 411.57322
-212.82027 369.44294
-235.31564 400.59933
-262.18837 420.93150
-268.59902 414.65897
-236.59483 395.90203
-293.84635 441.84306
-239.83133 387.62103
-263.30121 415.73943
-252.79842 412.46110
-239.15966 394.51636
-253.26798 396.19805
-281.30944 431.70441
-291.27177 443.93092
-232.70353 388.99917
-249.09280 402.47729
-251.34345 414.81081
-281.87785 446.92140
-245.48276 405.28982
-273.64778 426.02635
-252.66644 411.80585
-268.89203 427.94195
-254.86517 406.93570
-242.81293 406.25497
-237.44875 405.00138
-285.78175 452.60664
-266.62246 420.88953
-244.49966 400.24273
-287.57610 439.21085
-257.88182 418.12086
-249.75009 409.89757
-272.51165 431.42554
-259.27299 413.34386
-255.76258 415.07292
-306.86751 455.82838
-263.34607 421.45425
-236.06388 405.20593
-263.10044 416.16070
-285.81508 435.45798
-255.08844 418.98907
-260.29052 417.59882
-263.24485 407.27337
-255.20821 412.50224
-274.13155 429.09018
-240.28939 401.93079
-250.33457 402.60110
-236.95260 395.75742
-259.20433 421.30018
-241.66308 400.92218
-261.46283 411.91607
-271.22162 442.00836
-298.76465 448.51342
-261.31681 416.19496
-237.98203 392.83208
-279.74587 442.19333
-248.57398 404.41558
-262.65119 413.02706
-234.04145 397.85027
-262.66037 420.98040
-251.84073 411.82949
-263.12133 418.62460
-258.72696 419.38174
-247.80470 418.33858
-277.41069 421.90694
-274.02833 433.11907
-258.17038 404.08459
-251.06139 403.83769
-272.11820 430.84710
-234.74279 394.51945
-260.76989 412.66949
-273.41318 423.94451
-247.83968 404.78198
-246.85114 398.27035
-261.09904 421.58943
-274.00662 429.38327
-277.03204 431.71087
-257.91439 415.97550
-236.24008 404.72878
-238.50236 417.62956
-276.78183 424.37402
-284.78915 434.35599
-264.51790 410.54056
-264.83912 419.31121
-287.39355 430.43911
-278.14749 435.58993
-255.96404 414.52494
-268.64715 417.01114
-241.88178 405.82516
-284.71551 424.82534
-250.79441 408.74791
-255.73467 412.26926
-265.02999 415.85267
-233.07555 387.18131
-287.99660 445.41074
-255.76472 415.73536
-225.43958 393.25707
-254.70416 419.15075
-287.74636 445.11557
-249.78981 421.42872
-249.11692 406.44823
-257.80555 409.98454
-283.96714 443.11113
-254.55368 423.76834
-241.30995 390.28849
-259.94866 416.18564
-277.27293 438.26671
-270.99070 423.51158
-245.58243 401.67123
-260.40660 422.62211
