-220.72265 365.52011
-278.66950 413.87083
-306.53277 445.54532
-253.98846 387.62228
-294.74671 425.92471
-248.65007 381.68796
-257.64264 398.09630
-244.94791 391.62527
-244.62671 395.49084
-260.65859 404.64723
-253.56081 392.24787
-256.94466 391.14314
-220.61270 369.34746
-310.33170 445.91247
-269.44942 414.26459
-241.76597 385.79381
-272.60464 400.45291
-305.42347 443.74602
-300.49509 441.73970
-282.71362 427.80801
-276.95798 410.04543
-277.75791 414.31191
-284.90876 415.55886
-300.74437 428.09422
-257.18679 390.33619
-276.31027 421.21814
-277.12220 418.37350
-249.82066 396.55089
-263.95149 403.93794
-251.64179 392.14303
-274.08561 422.41344
-277.40979 419.27099
-296.19594 431.94035
-273.80952 412.61973
-280.97475 419.91938
-248.56599 390.06588
-263.37153 402.13835
-269.78734 412.27057
-299.50273 427.34236
-277.81774 412.40781
-260.71985 406.22897
-276.58467 412.65162
-227.56350 375.70411
-249.65439 399.28210
-266.74081 407.57873
-270.08494 400.84215
-284.62097 407.33767
-240.32177 386.51798
-253.40197 398.10663
-277.77966 419.11843
-256.86704 411.32805
-262.47383 401.58702
-276.29425 416.16748
-273.12136 416.58359
-253.43510 403.88463
-281.44075 413.45701
-222.40821 364.97759
-285.22890 421.60480
-286.11017 427.52697
-285.48921 420.36796
-261.65281 399.28249
-270.78900 415.57852
-253.02303 391.06788
-278.27152 410.58968
-269.86768 406.24178
-264.88658 407.30022
-221.91608 369.25728
-250.74987 392.58026
-256.80328 401.31448
-229.12679 380.16977
-238.89704 375.92553
-260.60022 394.53881
-253.54689 395.41859
-287.38295 424.23674
-260.96181 395.43418
-260.62614 389.57527
-283.71678 423.27049
-235.23981 384.16973
-272.42024 397.66111
-283.55651 414.18287
-280.72079 425.37329
-263.43106 410.12799
-272.49078 418.86813
-225.49698 375.95910
-296.27857 424.19451
-268.31768 403.64246
-278.74936 423.37576
-276.45174 413.12785
-244.27524 394.29492
-262.43464 399.75966
-274.47195 413.87179
-304.29704 435.23476
-299.14635 425.53354
-281.39535 422.21863
-274.69564 415.25388
-247.23097 386.65895
-251.60760 391.99188
-284.93345 416.04805
-268.69544 417.44353
-252.49745 411.12184
-223.77202 379.86439
-242.15468 380.23509
-257.21729 400.90719
-219.73830 382.86759
-267.55761 408.53306
-202.42549 360.33470
-267.97095 406.43676
-281.18463 410.41467
-267.75290 409.50537
-289.60100 426.87916
-248.60926 389.40993
-241.06999 391.78938
-273.17235 406.31287
-259.45142 402.64220
-272.49514 410.28797
-234.10428 384.67367
-282.56250 410.21289
-284.28439 419.27710
-287.45196 428.19598
-268.31077 400.20146
-237.05870 387.16242
-287.39053 424.24691
-266.64930 407.23644
-256.84666 395.97023
-285.83320 421.10106
-310.68336 435.95832
-276.25811 419.50153
-265.05200 407.14077
-296.11691 419.83731
-235.93744 378.21969
-219.77222 368.63295
-250.01469 384.94499
-255.59110 409.29290
-238.36795 381.04565
-237.94413 394.59737
-268.38677 406.05335
-278.50814 420.59323
-281.32761 413.51760
-248.16270 384.54896
-303.53946 440.88656
-258.67214 401.69016
-262.20665 398.41346
-252.02468 399.74955
-254.53487 401.60358
-264.43219 395.18557
-288.06183 419.20858
-274.10480 405.53283
-291.02677 419.82992
-265.89987 403.23406
-282.04192 403.31128
-248.36310 400.64236
-272.15040 408.94801
-284.52719 415.24755
-283.73929 426.21676
-291.55736 414.32298
-247.61278 393.21781
-270.81474 399.85093
-278.28579 412.56344
-261.62691 400.84864
-248.92967 402.22764
-249.92827 386.54536
-235.43454 379.72226
-282.80126 419.99219
-245.57835 392.29027
-289.27648 429.70893
-305.56083 437.12218
-274.23308 396.23182
-249.97985 391.91520
-295.41670 431.16203
-258.13482 397.59640
-268.21190 411.83967
-298.50396 434.27903
-246.23872 389.20512
-250.58478 397.02017
-284.39504 423.53871
-230.59094 367.67053
-264.70440 402.10483
-252.21043 395.08711
-308.60076 429.22919
-274.70699 420.04637
-263.99124 407.07190
-287.44128 425.64365
-257.92582 409.44844
-272.44329 397.33716
-262.32049 407.85889
-258.05307 395.76239
-255.03169 400.28779
-269.06651 394.55132
-280.04373 419.75403
-248.50755 386.70677
-261.81005 403.91068
-232.31542 376.97077
-255.85968 394.55969
-262.32673 407.63021
-278.24855 420.04084
-232.76371 377.94050
-236.40738 381.15007
-251.63857 401.74906
-257.17369 404.08128
-241.79087 387.08028
-256.94724 404.67101
-246.54541 391.45934
-239.34457 394.19778
-244.69606 395.51213
-310.35831 433.92940
-263.38009 406.13968
-277.94474 415.98381
-251.69985 394.09067
-264.78807 399.93968
-297.56452 433.52212
-248.13003 384.42563
-273.10063 404.30427
-269.69457 413.77704
-299.86897 426.52238
-263.79427 402.90643
-264.59792 407.19730
-237.57675 384.49389
-309.31841 434.13419
-246.03417 383.36930
-255.53297 397.54255
-281.78406 413.02966
-262.15808 403.78659
-218.15346 368.74204
-241.77660 378.84476
-275.72947 413.71385
-274.04813 412.37310
-280.91662 416.27880
-255.62795 396.28559
-255.02337 397.25254
-286.36910 417.66785
-267.46181 415.79282
-250.01368 384.76192
-264.29914 411.90972
-260.22210 391.76141
-274.91528 415.64063
-245.98802 386.36079
-245.81341 397.02637
-256.49489 388.96900
-283.53760 420.96777
-306.24464 424.96195
-263.93846 399.40754
-276.50057 416.88663
-249.51777 390.65553
-246.45059 392.17990
-256.01113 394.85877
-278.44858 405.49191
-259.00104 407.12838
-306.47083 431.62704
-266.46633 403.38340
-312.26141 435.56314
-297.89823 426.18971
-287.45039 417.88078
-294.42125 419.66609
-248.05594 402.76085
-304.28923 429.65034
-268.60590 410.08578
-274.92376 418.23758
-278.52568 403.73783
-279.29027 413.82163
-264.79809 415.73517
-270.87304 394.47964
-287.14721 429.17246
-222.63719 371.33921
-252.24689 396.85338
-280.80816 425.06000
-277.60665 427.15003
-291.92422 422.33746
-254.36677 395.46861
-254.96557 397.04687
-238.10785 377.61083
-262.91218 403.64730
-214.51402 357.49074
-243.65269 388.50462
-240.77098 379.62437
-223.37425 368.50263
-258.69800 394.90645
-282.84408 409.89130
-269.29221 406.52495
-227.71397 371.56527
-318.94545 442.63282
-272.75516 415.56811
-242.35127 388.82808
-287.64690 419.17103
-311.24088 443.28258
-241.74763 398.48519
-248.11235 393.12916
-314.07259 448.78974
-297.41168 434.42016
-256.43675 396.51222
-219.54853 376.00524
-283.46107 417.29781
-225.98003 374.26816
-243.04710 394.08903
-269.02544 416.49289
-239.70143 387.29024
-275.61454 409.00301
-293.36790 416.82508
-239.00455 382.59662
-261.81108 397.10520
-303.00239 441.27638
-284.60585 421.84247
-277.63298 416.44059
-293.59955 425.23662
-298.91251 427.61193
-249.39089 393.59504
-250.00560 384.26093
-244.80027 385.78398
-266.35312 406.26486
-278.10410 417.16426
-278.61671 414.01271
-249.66201 391.59470
-259.88405 403.46500
-284.17566 423.13919
-291.34521 428.65112
-276.81101 409.00737
-240.49659 376.44347
-268.00830 419.67205
-282.13677 415.70499
-267.28828 408.01182
-274.96880 409.43012
-270.92345 415.18232
-245.82037 393.53790
-260.92423 405.49911
-261.63178 401.91573
-281.71378 428.15737
-233.03727 381.66778
-297.34448 432.15518
-248.43367 394.59406
-270.66094 413.67133
-293.05053 432.14026
-253.49954 396.79190
-229.95550 387.04129
-278.14205 410.86362
-260.22529 390.70980
-253.43858 394.79344
-285.35431 419.63045
-265.56743 400.88984
-249.59407 401.75062
-249.22935 390.67848
-264.42447 392.27951
-287.35443 422.39600
-275.40476 416.16399
-256.36172 397.89640
-279.43063 418.63904
-248.10332 388.55320
-242.68854 378.26095
-245.41797 395.53341
-275.38850 407.23832
-255.63937 408.68759
-251.62784 396.37279
-283.77345 416.30733
-238.80269 382.76078
-257.28265 404.50842
-313.92136 437.92839
-282.57599 406.61559
-272.52638 408.36089
-251.35527 399.95844
-243.47613 387.97958
-221.86259 371.21419
-279.35533 421.26811
-285.99009 426.73204
-260.03132 390.48100
-240.83965 390.19303
-249.73572 383.53268
-245.49427 385.50575
-300.49228 429.67758
-283.50558 418.54809
-227.60524 371.80253
-288.40963 424.85773
-265.11757 405.00724
-257.72823 391.16139
-293.15727 421.30039
-294.21225 434.68680
-227.55412 377.69767
-234.09106 382.93279
-245.25097 387.55015
-282.48849 425.15780
-289.29400 428.95828
-301.81045 444.22025
-241.81144 380.81075
-287.37949 412.05828
-285.49920 416.31778
-226.95453 381.30905
-266.41545 404.81950
-261.20161 409.52105
-233.92970 377.00624
-257.46425 396.37059
-254.26187 406.56042
-256.32058 398.84055
-234.59912 379.54723
-217.68790 374.72259
-271.90953 401.81953
-244.13179 384.68885
-258.92950 403.50216
-285.88634 423.44770
-292.45228 425.81190
-269.03763 412.73712
-265.15109 403.22848
-286.25871 417.05403
-276.48083 411.33386
-289.99778 421.99449
-242.82245 391.94622
-281.17090 419.53063
-280.25173 418.68265
-257.54638 391.81446
-231.91699 373.59232
-243.39440 385.07413
-290.37782 427.89598
-265.64994 406.54433
-277.31184 412.09580
-263.31938 401.88764
-288.38505 425.78941
-285.29733 416.12070
-282.08306 426.65418
-237.73521 380.00334
-287.17456 427.95496
-226.62967 377.19623
-263.76788 397.53867
-290.73750 423.32600
-247.22975 389.69490
-276.84657 406.35563
-256.17075 397.52995
-274.38743 401.65380
-243.27161 385.39132
-255.52188 398.41382
-245.41657 394.71102
-233.85370 382.73845
-258.51183 400.07127
-251.86634 392.90459
-261.77058 407.74217
-256.22071 399.20379
-275.97420 412.41675
-255.12485 399.30907
-273.96419 416.92704
-288.44675 426.76354
-214.12478 365.82541
-248.40326 394.12932
-282.34181 420.57792
-249.96958 395.63265
-274.72487 411.90928
-263.05992 405.67232
-209.37804 363.71088
-248.18559 389.69847
-252.61119 394.99925
-272.02765 409.84893
-282.39711 413.86485
-263.26628 396.24773
-264.21605 415.14418
-275.97194 409.92747
-276.59904 411.05223
-275.82722 413.20931
-270.83058 403.19371
-273.92986 413.65778
-270.94977 405.55120
-260.93710 408.90509
-253.41267 392.97755
-229.68459 382.49802
-260.19719 396.71961
-253.61133 393.69173
-265.25761 406.65434
-247.11734 382.48767
-269.47800 417.86511
-303.72595 437.93787
-259.40730 395.10338
-238.97295 379.98170
-240.62178 392.92259
-233.35288 375.42431
-243.55166 380.39218
-255.21431 409.16286
-269.11576 399.21038
-262.91798 404.62901
-293.02038 438.52795
-239.69947 384.07799
-254.19498 390.29952
-285.82729 409.35969
-254.02687 403.19063
-247.06077 391.41774
-230.97225 378.31739
-261.40148 396.62064
-291.45875 429.22387
-288.12364 418.68226
-234.90167 384.96521
-261.31493 406.30463
-278.29406 411.36697
-268.69198 409.97132
-269.86431 401.85730
