-294.86284 401.81840
-276.12446 399.83980
-256.41200 394.04823
-236.59550 366.48710
-243.58200 369.66501
-275.18348 391.05287
-250.76234 374.74867
-263.86067 383.47517
-236.30316 375.26605
-290.01385 402.57098
-258.16119 383.86310
-235.55765 357.26712
-268.36111 393.30008
-248.81273 373.93138
-284.58223 396.37080
-286.59987 409.32838
-282.47027 400.22174
-263.53389 400.45039
-263.46035 391.41079
-261.37744 381.15991
-260.75775 381.37494
-294.34657 412.78212
-306.16801 419.79179
-280.22687 404.22491
-257.35223 384.17376
-277.74214 394.72871
-259.08632 388.92836
-264.54342 387.17135
-253.40849 378.11992
-275.43881 396.63485
-241.55523 363.43121
-289.66879 415.88437
-240.22688 373.94368
-272.08148 391.09027
-292.96214 417.63402
-292.49760 408.46952
-247.95695 388.50529
-259.54321 377.43921
-281.82638 399.33004
-261.87657 382.75596
-248.59390 392.40591
-258.72900 389.08325
-273.99360 395.23530
-290.07533 399.17567
-238.37291 364.23326
-226.53381 357.83508
-275.87219 396.60803
-277.94864 400.44156
-287.67541 397.73156
-302.01936 415.59285
-243.85574 373.75174
-306.14715 423.83856
-293.97960 412.68077
-271.02475 396.07773
-289.95562 411.34796
-292.15536 406.98544
-301.54361 408.02115
-296.36189 407.62043
-249.15236 380.71852
-248.99908 374.45538
-271.21571 390.73060
-290.23999 410.42993
-289.98527 409.41252
-264.02051 388.20459
-264.13788 381.78656
-252.43677 373.96533
-235.52952 376.96946
-273.94200 388.62779
-311.11557 420.66147
-308.85661 417.81291
-295.82374 419.09767
-248.13562 385.04724
-278.14102 392.95767
-251.74461 386.62205
-246.87690 381.77534
-247.35499 367.11720
-275.86284 388.13579
-268.07562 398.83465
-240.82506 371.74644
-291.62268 414.43322
-280.30652 404.63611
-250.65684 374.11900
-284.75192 401.25876
-286.94110 404.23065
-266.52948 393.23895
-249.58880 365.63690
-220.83441 345.88348
-258.64264 375.96856
-267.51402 381.71739
-247.17537 374.22737
-266.46452 395.57609
-298.14016 408.68167
-231.76059 367.63461
-314.30497 421.45683
-255.46592 386.98253
-273.72368 403.19829
-262.71423 386.61096
-270.65979 399.15735
-266.31671 396.79230
-270.09462 385.48158
-290.82911 400.45265
-253.92526 377.39572
-255.39303 385.93356
-252.51506 383.83976
-261.25265 390.21042
-265.37742 375.67064
-253.38476 384.75049
-248.02829 372.75143
-251.27842 372.87974
-332.70533 437.46998
-264.92395 398.71155
-293.06891 406.07428
-268.00857 392.05935
-251.54774 383.30702
-275.90434 401.65385
-277.54500 399.78987
-325.29309 438.53406
-278.39489 383.29333
-234.92903 360.68977
-256.27159 378.61217
-259.90864 386.52876
-245.73079 373.30378
-303.93237 419.78662
-282.42216 408.03715
-305.34729 416.08410
-295.54724 418.83508
-283.88319 399.91835
-254.39738 379.34562
-247.56054 374.45215
-263.62106 381.45187
-268.36653 394.90217
-220.67158 349.96772
-268.45135 384.98675
-290.13041 418.85429
-276.81192 402.96841
-277.00166 389.48677
-308.11421 421.23359
-256.03969 386.30116
-245.07342 386.94549
-294.29037 400.34066
-275.05951 399.02899
-253.96544 383.60508
-250.15884 367.75284
-275.92967 405.39988
-313.37199 417.47526
-270.02295 398.17773
-281.83967 392.82307
-275.86906 399.90031
-274.32434 395.83288
-259.23250 387.86018
-266.67737 386.54846
-275.90204 396.64740
-248.36188 378.62286
-282.43371 394.65710
-285.13363 401.90512
-283.23834 404.82550
-292.45283 410.90864
-235.14860 359.05046
-257.54213 381.54481
-281.75465 395.26417
-300.39387 410.91536
-255.16968 379.69873
-275.57289 399.09047
-264.10841 388.10524
-243.74995 374.22651
-263.99235 385.30143
-225.80085 365.41584
-250.14108 381.90719
-263.93567 382.72644
-254.48416 372.32522
-279.60739 394.39450
-258.62043 391.44246
-265.80627 378.63537
-259.09825 377.67686
-282.78993 400.34511
-278.56305 394.28399
-226.78042 353.71158
-291.21501 408.31633
-289.24099 409.92093
-281.31749 404.22008
-258.27200 383.87698
-281.71400 407.10487
-270.13128 386.47601
-253.23585 375.18507
-275.07864 386.76614
-269.26574 399.89782
-312.52398 418.53595
-268.76632 388.20871
-237.51684 371.60620
-285.75419 407.89946
-264.85132 391.64819
-287.96748 401.85029
-282.39599 403.66870
-273.95212 400.22311
-293.46487 415.91995
-291.32716 410.56740
-277.46428 399.52604
-278.43260 404.57200
-276.84881 401.58514
-262.66081 387.47258
-288.73262 401.24141
-249.80606 377.50259
-231.48808 358.90312
-242.24431 373.43107
-303.92013 416.45920
-270.22049 394.40017
-278.90597 402.31296
-282.07232 399.45392
-266.06836 390.75732
-244.52952 378.07347
-268.79175 389.10180
-272.23750 398.24873
-268.73982 399.20857
-242.75775 363.26336
-294.57409 418.48230
-266.60307 392.18852
-259.73541 378.14557
-283.44626 402.62106
-276.27487 388.95993
-259.06703 391.91908
-299.76251 407.24273
-245.15048 373.69320
-293.01237 412.76530
-212.26002 350.71876
-272.97978 400.31083
-261.23489 390.96560
-277.24667 389.69467
-252.81045 372.53653
-245.57892 384.49688
-273.66232 390.33810
-260.46093 381.59692
-236.74719 373.88879
-272.45742 396.63931
-283.56973 405.46670
-268.65297 388.43812
-304.52052 431.38453
-295.42723 408.37205
-306.77023 423.77829
-239.50683 361.60571
-269.64203 389.32684
-289.52166 405.14935
-280.43992 406.54490
-264.18391 380.95393
-289.21148 413.11871
-281.67233 393.16476
-274.25566 403.43803
-285.85582 414.71617
-274.71895 394.41011
-311.64213 426.28373
-268.38456 389.59257
-290.59747 406.35260
-246.77324 371.08574
-257.91383 396.10280
-281.78515 395.89111
-241.54753 374.67082
-253.43998 375.76249
-243.79516 370.85498
-296.93643 415.96475
-293.82159 424.00348
-295.28673 415.62730
-285.90074 403.36339
-274.35322 401.57808
-255.75395 384.73930
-244.46293 381.74614
-258.28645 383.26716
-267.32022 385.97110
-319.81389 427.81047
-203.63569 348.90132
-266.52630 391.46624
-284.18757 400.82722
-287.67213 408.15309
-271.42332 399.52781
-259.32611 386.67010
-246.32036 379.43828
-263.42415 387.59993
-262.98466 387.70341
-272.20665 397.48350
-303.72529 423.72065
-270.98277 391.28843
-266.21512 391.43728
-261.44374 380.54237
-230.34546 366.52588
-259.60240 390.30333
-263.91821 387.62842
-265.58546 396.85621
-300.25854 411.61157
-275.54974 392.33050
-280.07643 386.87086
-303.95389 416.78616
-284.64448 419.33296
-287.44720 399.98626
-280.94725 401.57322
-277.61473 397.79027
-258.89250 388.68742
-278.42061 402.63789
-272.16333 393.30835
-267.86957 383.77728
-267.09160 389.72368
-266.28357 377.82165
-272.23710 399.90605
-259.18673 382.97995
-265.95990 391.58709
-289.00387 405.07223
-257.29933 383.99342
-272.18724 400.33128
-273.49501 399.71742
-273.63614 394.87857
-233.53331 372.11876
-272.10896 390.26228
-262.33491 382.53926
-299.49218 406.64477
-287.49746 402.98990
-293.47181 411.28529
-232.76133 352.84434
-263.59080 397.09837
-278.91778 391.92022
-284.11210 400.29130
-287.18020 401.92947
-244.41403 376.75094
-262.78283 385.07995
-268.38643 402.65913
-243.60606 373.84776
-239.11065 371.98395
-245.88447 385.22725
-232.06302 376.77835
-284.44561 400.75274
-237.17997 362.40043
-275.81073 407.31634
-248.66972 376.23076
-229.07216 364.76112
-310.47123 415.15239
-277.87526 397.31471
-291.40072 415.62997
-271.15443 395.30531
-287.15738 407.77847
-244.04103 369.92897
-292.20044 407.36011
-271.19305 400.23358
-246.58281 373.40458
-256.81480 388.16856
-281.78306 400.52476
-233.66011 367.01118
-289.77295 408.51587
-291.05075 405.27511
-264.95620 386.70425
-277.90275 403.06242
-295.76616 407.27397
-268.56810 391.69261
-228.62007 361.04487
-302.93156 416.78654
-236.31968 372.87437
-304.08366 415.72819
-297.53170 412.00607
-259.34796 371.38189
-294.86740 416.57052
-291.95480 399.91476
-250.49396 389.05011
-290.80986 410.81621
-241.76384 379.97575
-291.66375 402.31219
-263.21354 388.77653
-289.54020 398.62150
-243.95544 375.96179
-270.95964 392.46721
-251.26066 367.40812
-306.31056 419.07496
-240.66530 369.54127
-244.37896 369.87213
-284.11661 402.15811
-272.69600 392.43306
-286.77179 415.55255
-257.58311 386.64488
-260.70988 385.08903
-262.56035 384.98613
-286.11209 408.43216
-252.28778 377.58490
-257.66839 389.32123
-291.42389 411.30523
-236.84532 365.51939
-235.16226 379.41079
-256.36998 386.79942
-243.19069 370.83375
-228.19992 356.58932
-262.19110 383.11956
-270.78793 398.17074
-273.43492 390.88121
-278.90103 402.93985
-257.76098 387.64941
-298.50680 417.18747
-284.87007 403.23994
-315.18811 398.71448
-254.72448 385.28088
-237.16298 365.88099
-282.13746 400.23121
-287.92062 409.38009
-260.97102 386.93049
-256.12617 375.68672
-265.93191 384.54178
-280.05288 400.11465
-240.44725 370.05052
-278.08531 398.75450
-304.77946 429.85295
-251.64604 378.78618
-293.82602 418.02401
-284.66588 413.22374
-278.03723 396.58752
-247.67520 373.16446
-212.09182 348.46097
-252.22984 388.00767
-247.42724 377.46362
-289.53683 402.24264
-261.68225 379.78039
-272.09808 392.34857
-288.71370 404.69319
-229.89694 364.00338
-257.44918 377.75143
-277.32376 397.60989
-239.17560 369.44635
-284.15457 403.49051
-245.99284 372.74894
-240.24829 366.58130
-236.15864 368.06270
-292.15876 412.15535
-235.82359 364.95811
-272.78908 391.04323
-276.02546 392.12629
-286.06991 407.67880
-275.89395 384.53335
-269.01548 391.87608
-254.04233 377.73910
-265.30328 386.78912
-279.38043 395.91363
-252.11447 382.10446
-280.45121 396.02250
-287.51674 405.35927
-286.61378 394.32521
-247.33467 373.37593
-276.66266 392.65533
-213.58433 355.03648
-281.51378 416.35997
-261.90765 384.76068
-276.15341 406.51571
-245.21463 377.90921
-253.89165 381.39311
-285.03903 411.87619
-276.94327 398.12051
-228.73144 366.63940
-250.33493 383.70016
-260.42381 393.69871
-245.80900 370.63518
-243.69389 387.98564
-240.14077 377.91494
-257.68377 382.73138
-268.52038 388.53186
-299.64186 412.81032
-263.33410 396.13659
-299.48166 415.51852
-276.55546 385.11601
-291.56109 413.04498
-270.29759 393.57396
-238.46182 364.92251
-245.33157 378.57400
-300.38859 416.10246
-253.93403 381.16523
-253.96564 370.18634
-244.07693 380.24148
-257.89575 385.93017
-282.46943 411.18355
-266.36401 393.20093
-261.93020 386.96292
-230.41649 357.05028
-312.35345 416.30780
-289.19462 404.57304
-307.08476 429.83403
-277.61131 393.62254
-260.70035 381.52408
-223.78258 350.77623
-284.93873 396.46315
-308.10455 428.11114
-266.13131 386.80270
-278.19180 395.31314
-293.91186 413.43652
