-235.02960 346.45910
-257.00063 370.34150
-290.14066 387.65956
-282.00547 385.66752
-248.23396 368.85447
-319.40237 413.80707
-295.85774 395.89265
-259.86823 368.99795
-306.71438 413.57309
-307.76824 409.75254
-278.51037 385.73703
-286.66921 387.50641
-317.23066 412.96855
-264.60982 369.22492
-254.94775 371.39401
-259.37079 379.25464
-290.11165 394.35707
-295.08466 395.93658
-284.01822 405.01504
-254.05573 360.67867
-266.69366 385.35809
-262.59149 376.31988
-270.50222 370.85917
-259.94046 367.03857
-250.11737 359.99975
-267.16129 379.60396
-268.67760 362.55585
-227.98645 351.32113
-264.92613 368.61439
-299.74653 397.61211
-269.50556 389.93309
-270.39405 383.26967
-284.38064 388.82980
-259.28472 369.17469
-275.88502 376.93187
-264.69197 373.72502
-273.83043 378.23768
-271.39644 383.57896
-283.05385 396.93751
-294.89187 409.83625
-276.62010 388.62169
-290.95424 395.30354
-261.26404 375.54239
-253.67725 372.58940
-245.40176 358.33765
-274.74243 380.85955
-270.58167 372.34759
-303.94559 398.95440
-323.10330 418.72717
-264.87430 375.87924
-325.29713 415.68981
-279.89015 387.50416
-273.19448 382.91861
-308.21407 404.67414
-242.54038 359.41002
-269.31106 378.32352
-259.89236 365.89081
-306.87346 400.71812
-322.65599 422.12089
-255.68848 368.51437
-271.31648 378.42418
-283.81790 379.10327
-265.08948 375.71734
-290.88036 389.05173
-289.53284 381.08111
-310.55994 405.74578
-256.32361 372.05987
-265.23771 370.54216
-286.58074 405.58729
-298.80679 393.84936
-302.43573 408.38912
-237.12801 357.37104
-302.15343 395.92899
-277.63058 375.52972
-256.71058 368.37267
-267.33032 371.46539
-266.74392 373.28007
-328.22460 426.39435
-261.35707 365.84990
-263.04417 369.58894
-273.76613 378.14167
-319.65521 413.01129
-286.85276 386.54851
-331.85117 414.25665
-265.50970 382.51089
-304.92816 397.86126
-267.20835 374.86214
-271.52837 383.78699
-272.56535 370.28087
-305.61472 398.08883
-276.26602 376.33844
-309.45818 404.52313
-271.49709 381.20624
-289.62934 393.13088
-262.42141 369.54138
-272.33105 381.24759
-236.04096 355.23525
-269.17795 382.28265
-262.85954 373.51436
-271.10075 378.87742
-274.05740 371.98333
-262.30380 376.27435
-272.39034 380.64023
-263.20988 383.29259
-262.92439 370.94151
-273.49460 384.95480
-293.46044 395.49851
-268.70731 369.12805
-248.10881 365.42420
-297.51602 406.51398
-273.55108 381.84140
-293.15841 387.34137
-283.66960 378.65748
-298.90714 397.32656
-283.24851 384.06105
-288.22090 389.49702
-227.11560 351.73565
-295.45755 399.64325
-248.53357 366.25927
-258.57254 372.23275
-258.59889 364.09159
-287.63184 387.80791
-254.21777 360.39783
-262.76026 369.37313
-304.12514 399.35862
-287.39850 398.31624
-303.86723 402.77956
-266.31487 365.82444
-300.42045 401.98866
-280.03039 393.18512
-296.24778 389.86632
-253.84162 365.98070
-280.85485 389.36398
-272.21873 374.65340
-274.47608 383.11074
-252.72030 363.23517
-277.00351 378.55313
-218.46590 348.01908
-267.12718 377.50648
-321.61268 417.78346
-269.62873 363.60525
-239.60427 352.94312
-271.52031 364.04759
-286.37222 381.83679
-272.83695 383.04171
-307.24703 407.23588
-275.21027 384.16921
-285.83575 392.15887
-242.21674 355.58468
-301.08440 394.76603
-249.14349 359.61811
-243.06964 361.60361
-242.27874 363.34451
-282.81438 385.32493
-271.37527 391.07736
-257.04506 369.02830
-278.24845 379.96172
-260.08608 366.92322
-307.80006 406.90825
-305.84294 399.06251
-289.38565 393.16582
-295.47464 394.74216
-263.07440 378.90555
-264.65305 383.94238
-301.31858 404.26766
-280.10806 369.47054
-281.06711 382.25223
-260.56575 369.82090
-218.84228 337.78940
-284.99900 387.48650
-263.10772 376.59018
-299.99895 403.67469
-262.04024 370.50724
-250.70142 361.63909
-297.77326 405.10705
-281.04623 396.25576
-248.55070 363.53883
-253.97766 356.04321
-291.23466 399.86003
-303.49728 399.72036
-250.38942 371.70985
-260.19394 369.63311
-268.43798 377.03107
-304.23635 399.33780
-296.26740 398.78133
-285.95963 385.11827
-276.64689 371.51219
-283.39415 382.27961
-270.33946 382.26509
-264.22811 373.35932
-239.65932 358.57761
-267.78767 372.62870
-236.83259 354.40385
-271.38601 385.36945
-297.78394 394.18111
-240.77493 360.26086
-283.16664 393.39851
-281.72290 393.79425
-272.52641 390.35228
-273.52876 379.33888
-262.46373 368.80390
-289.70737 391.34005
-253.45273 374.06073
-273.87188 386.00613
-256.76223 362.02005
-272.06498 379.47435
-278.31607 376.38025
-253.67679 370.29431
-291.59454 399.38613
-256.79916 362.69870
-280.42682 383.32992
-237.01780 353.26744
-293.54293 384.44183
-269.54590 374.44573
-306.21459 403.10342
-273.21620 382.93812
-304.53525 397.61160
-271.28852 375.55788
-251.00094 358.99488
-283.74892 395.88957
-270.38175 374.10790
-258.32385 383.70618
-284.44338 393.87614
-263.38210 375.16218
-298.55210 395.78774
-278.05882 386.05892
-239.79984 360.55803
-272.44899 374.96068
-242.69857 358.56704
-286.78395 399.93015
-285.78307 393.91621
-284.31084 398.04203
-273.97756 379.98933
-282.66227 382.37117
-285.10841 390.90886
-274.80817 376.93457
-252.69530 364.45676
-290.35742 389.08377
-276.66277 378.79963
-249.03500 356.78588
-271.07932 369.21270
-293.11376 388.72580
-281.62436 389.55056
-253.17180 364.49030
-266.68271 375.39636
-276.61008 377.70354
-285.20200 394.30837
-278.57138 389.51992
-268.97578 375.06847
-265.75928 372.83447
-251.08829 358.58828
-263.40884 377.88125
-289.85731 400.08574
-238.59666 361.06154
-287.18001 398.99357
-314.06676 406.64637
-290.93097 390.11279
-311.56901 403.88689
-291.96578 387.62485
-294.49031 398.09184
-289.82083 394.27865
-306.71664 415.25433
-273.77485 385.08052
-300.39632 393.93855
-262.01398 377.31844
-264.06303 362.13432
-271.67454 367.50285
-283.03503 381.33813
-281.19801 383.59602
-286.93137 389.27273
-277.64907 374.33341
-301.71055 393.83486
-238.82299 358.65375
-281.67321 385.38788
-267.42347 385.06991
-267.03592 377.33941
-304.50640 406.68341
-249.92859 360.80883
-279.18408 375.79059
-253.35619 368.82179
-275.57937 377.64963
-268.50455 375.44296
-256.39860 362.05662
-290.77638 382.66994
-283.22369 394.66162
-259.97860 370.33594
-230.95928 349.62260
-250.10842 367.37775
-265.32090 377.04155
-248.23648 361.89226
-299.59746 401.05356
-293.55059 392.76776
-246.21700 360.18164
-287.61090 377.68853
-277.68914 384.54398
-301.34889 391.12403
-265.24677 382.36107
-269.35472 371.98695
-308.93303 399.01551
-296.52946 398.29420
-261.02810 375.53119
-250.65392 364.34491
-289.00016 391.44951
-287.35957 381.44362
-255.24598 370.17607
-277.10711 383.50573
-272.89696 385.55955
-271.81313 382.52531
-273.81424 381.86529
-252.77125 364.60781
-266.82020 374.76751
-271.16876 379.35583
-316.05446 405.83317
-270.16728 386.00984
-263.10412 369.10480
-268.53629 381.28591
-268.84894 380.37249
-288.02154 399.16327
-297.13956 404.05480
-286.34380 393.16587
-276.50862 386.68071
-294.36873 385.04652
-270.66328 386.25813
-252.91386 352.55278
-285.68289 396.49361
-292.22028 395.33013
-309.25185 405.60444
-275.46654 376.04310
-299.11264 401.86785
-266.11096 371.08166
-300.55037 394.97114
-306.14196 400.51798
-279.42285 380.84589
-250.74006 378.87175
-249.21171 368.49708
-264.58328 382.00342
-239.17554 364.55526
-230.21162 356.13493
-281.86467 396.59907
-259.89721 367.28409
-285.08692 388.63860
-260.90165 368.98436
-227.34002 350.11011
-319.83846 415.84488
-259.45121 365.07124
-265.17504 371.09290
-244.15543 357.95861
-298.53789 395.08155
-233.29984 354.10754
-296.79160 402.37545
-247.66155 371.65363
-250.07400 364.59448
-283.42962 387.23596
-305.04698 394.50635
-300.94546 391.74603
-238.75659 357.49927
-285.90891 382.27862
-288.77480 396.35001
-271.29599 377.41949
-293.15968 402.04860
-308.06153 402.36842
-255.72620 363.34304
-282.93819 382.44532
-272.69294 386.66682
-289.59206 374.11817
-273.67190 379.70828
-259.29260 374.76950
-275.45764 371.87298
-298.14442 401.58641
-288.49158 389.00463
-232.99609 347.19650
-238.72899 349.59113
-316.60832 406.74842
-289.18354 393.66720
-276.01608 381.09680
-256.42712 371.30752
-270.34204 371.71585
-290.54279 394.79119
-257.70522 370.37589
-287.64185 391.33996
-281.46037 384.57839
-257.36131 367.27525
-309.80325 392.58026
-244.42700 360.80215
-269.66915 377.20883
-285.77057 380.35235
-281.89304 381.63107
-261.74826 369.29223
-270.05889 371.67081
-267.97777 372.45728
-259.00556 379.40483
-266.07290 362.03171
-267.79950 382.39602
-298.47289 394.29929
-293.23215 393.42867
-292.42377 405.04897
-235.15456 350.93543
-282.66556 388.97332
-291.73938 394.60595
-260.37851 370.85531
-240.45616 360.01377
-257.94257 368.87364
-293.78554 391.56617
-250.71877 356.89964
-239.92644 352.86161
-271.26025 374.13485
-283.82582 388.87572
-260.10694 367.52339
-278.34093 378.88710
-287.30530 395.60864
-251.13193 364.28890
-271.92124 384.99968
-253.48443 377.01358
-261.84523 376.20460
-305.15109 407.43408
-262.85051 370.36500
-286.35113 382.27826
-277.00482 382.70157
-267.65770 375.42341
-256.76124 363.90770
-259.01461 363.36008
-282.63488 388.45276
-258.79086 371.94345
-261.14040 365.07093
-260.90862 376.64152
-285.05805 385.03618
-266.33357 375.14040
-262.91400 367.55639
-281.78595 384.01388
-297.96947 390.73450
-253.11444 362.70676
-238.08036 350.44902
-247.22283 366.04911
-244.35968 362.21270
-270.11225 381.32872
-278.99152 384.87746
-277.08510 379.05216
-287.82591 386.52681
-284.13840 392.53881
-251.23945 369.25883
-290.00564 391.75705
-258.69308 375.41253
-280.04027 378.00272
-311.15256 406.14818
-213.95315 344.70657
-279.08417 389.02441
-311.10036 406.56128
-274.64041 384.02615
-268.75478 367.83646
-295.89590 388.33347
-265.97645 387.84008
-235.62570 349.86505
-283.40676 387.29969
-288.85765 387.28242
-297.53279 392.32331
-264.98832 379.09871
-247.49427 358.52190
-281.83498 378.00346
-281.20141 382.24368
-265.54515 378.85350
-289.29571 400.33188
-270.06835 381.70548
-253.15731 361.96555
-243.14983 370.75101
-296.68819 394.39896
-318.38420 415.45927
-280.55391 378.47025
-266.42883 382.95044
-297.77910 404.61225
-280.32224 380.39440
-283.62341 384.20239
-301.73017 403.82235
-277.98802 388.57301
-237.29751 351.92789
-277.45824 381.70416
-237.80401 351.41608
-264.30100 370.37523
-246.81180 354.32140
-273.97686 377.78763
-296.87151 405.24836
-296.07158 394.69739
-287.20106 382.30015
-299.75197 400.07203
-323.68611 414.96540
-268.45605 380.23892
-267.48615 378.41237
-271.75341 378.99326
-275.56753 387.05886
-225.35484 347.48564
-243.15789 358.69458
-279.73083 389.45242
-290.79376 397.69055
-289.44572 398.12496
-249.99409 360.24455
