-289.17859 381.60824
-295.77882 379.51875
-310.27120 384.42389
-241.65199 347.95073
-279.67586 372.28324
-260.87975 351.32007
-270.54294 370.95278
-272.12916 367.63091
-271.43169 369.03608
-298.70054 384.70433
-263.18707 364.10992
-290.79963 384.37496
-256.02889 359.26560
-279.82549 369.09391
-299.07313 375.05155
-265.89915 352.18061
-286.14940 373.43705
-307.39063 389.96358
-218.43228 323.53942
-216.38602 325.69606
-320.47717 393.41128
-289.32398 378.32064
-265.30718 366.41181
-270.65285 356.26242
-310.74045 387.19814
-289.69164 375.97306
-298.92885 380.07743
-217.08049 336.19041
-248.98114 348.96947
-296.91257 380.73680
-292.53056 380.99129
-302.25883 382.94634
-288.90897 381.83309
-287.73447 366.82012
-297.40082 378.03667
-299.51927 385.60490
-264.63134 356.70652
-276.83788 368.78281
-267.05068 362.72980
-301.97052 390.95721
-302.79883 390.82177
-258.24643 347.84253
-245.38260 335.13292
-236.79922 337.47715
-281.76046 368.83096
-266.90236 362.94352
-323.11917 400.77145
-244.22939 348.06378
-253.90230 360.10087
-273.78132 359.55248
-257.92621 355.87033
-275.93216 375.27505
-278.71090 368.76309
-294.85619 376.65254
-258.51635 348.10562
-264.89886 365.28989
-233.49620 329.42124
-270.88475 365.69520
-293.10362 376.09941
-298.72744 379.21316
-285.37689 375.77982
-329.22977 403.74334
-253.36691 344.58895
-268.93422 361.05738
-234.68435 338.51462
-278.03902 361.20768
-315.74064 389.94280
-308.83162 387.66911
-302.61715 390.45893
-316.56941 395.13755
-294.08716 386.25652
-271.11763 364.31077
-258.11289 362.14684
-276.75959 367.89822
-275.40182 375.46027
-285.41768 373.14545
-288.61705 381.80460
-256.77710 367.34350
-247.13734 350.45375
-256.27090 347.76999
-297.53599 379.91813
-269.42411 365.53359
-301.29645 376.38821
-279.10295 373.23634
-295.58563 392.03777
-275.25214 374.16152
-263.11270 364.10250
-308.60247 386.28595
-296.46721 373.33448
-291.48093 376.54149
-280.36827 366.86484
-255.00216 347.70761
-296.22116 373.30896
-230.33427 333.32893
-259.44010 351.53899
-283.63428 365.49331
-298.98016 385.56802
-295.51701 386.17842
-284.78864 379.56274
-284.50239 380.19538
-264.07218 367.04891
-265.82463 357.31907
-310.37584 396.55162
-301.21553 384.34858
-246.00212 342.24894
-260.88775 355.84211
-289.57024 380.25099
-286.71602 369.28614
-291.93611 382.63136
-288.75445 367.58411
-303.56971 380.96911
-318.14092 391.01551
-318.73313 393.79299
-314.59351 380.82073
-273.70900 359.77272
-268.32540 371.46460
-260.75028 360.59698
-279.59040 359.55526
-279.20590 377.92722
-294.12265 383.94228
-266.55004 365.18909
-280.89052 370.09373
-293.23409 377.03516
-291.87371 379.69815
-280.67318 360.69397
-252.56502 351.76871
-270.88952 375.57511
-284.31292 366.68906
-263.46945 363.16733
-253.69604 356.80621
-247.55317 352.06472
-287.16308 375.81025
-294.53720 381.67065
-294.64869 374.01891
-300.77519 388.89354
-304.43334 385.61942
-276.23140 361.69761
-251.48290 342.24036
-296.00016 380.37987
-264.84947 358.94557
-263.45409 368.42636
-273.46719 373.59961
-288.23151 370.24630
-258.05350 358.77331
-270.30799 365.83025
-269.43603 361.14191
-322.40363 390.76806
-284.84020 372.35102
-273.22233 359.26326
-248.19131 343.23660
-328.94727 404.82073
-309.96480 379.40003
-323.82871 394.88741
-307.16967 386.21747
-289.36789 379.64071
-282.98212 368.84914
-285.56238 374.79055
-313.14443 393.67432
-276.89407 361.29730
-234.86281 336.10039
-278.28338 365.50473
-266.60168 368.95169
-286.84625 377.90518
-260.75043 350.33840
-227.99954 332.42203
-314.42349 392.28726
-271.70864 362.03812
-305.03671 381.93820
-273.87715 370.34273
-285.82377 376.69267
-291.21912 369.54077
-274.36447 368.08639
-270.78941 364.90776
-334.16457 400.63032
-311.81385 406.24699
-234.04467 343.94340
-286.86468 377.44074
-300.19941 378.73109
-293.85527 379.42567
-242.13196 346.75552
-291.27827 374.32628
-269.03914 365.24955
-230.65413 334.12522
-270.28025 356.32384
-283.84648 373.98225
-289.25781 377.61859
-276.73270 375.21447
-307.73441 394.59227
-283.44621 370.48381
-294.67400 386.33551
-289.18541 376.87870
-305.94302 390.68909
-323.39427 397.78352
-309.32908 383.29387
-338.45490 404.28072
-296.07211 386.57111
-314.46129 389.54239
-257.60001 363.86709
-288.65422 375.76473
-279.46295 366.90533
-267.41081 366.31535
-292.06143 379.12109
-251.48979 355.23762
-265.65510 358.29780
-260.20781 349.03978
-294.14574 379.50010
-259.75466 364.91526
-294.00519 381.01986
-313.39074 387.19324
-278.60289 372.30781
-282.64417 365.08333
-293.99776 374.77104
-297.80042 386.42241
-271.17563 362.38372
-318.07622 391.20975
-302.35262 387.01315
-314.27549 400.58433
-264.47031 362.66597
-284.25178 383.08632
-278.73099 367.82616
-242.03931 345.42104
-239.61864 340.46235
-316.71615 394.83969
-253.20222 360.38267
-265.24654 364.46626
-268.85800 364.27200
-291.08885 384.87291
-285.97105 373.15489
-293.51067 387.58741
-300.88488 384.19641
-274.43021 359.26082
-262.36650 359.61686
-278.58340 369.07968
-266.16527 359.51173
-262.27393 368.16656
-313.78053 395.93059
-237.92816 343.15295
-294.02763 379.54863
-258.61977 363.50987
-295.70791 375.39414
-270.81010 363.64427
-266.83313 365.98449
-297.69546 376.50943
-278.94523 376.36729
-309.65470 384.78383
-231.57392 339.26455
-281.54892 373.20840
-297.35184 395.02761
-315.86386 399.22100
-310.58681 390.86192
-295.17687 381.78406
-273.65933 372.28449
-232.44294 347.51571
-249.83299 348.80440
-260.10378 348.09604
-252.68962 351.96619
-276.71260 367.08573
-310.66870 388.62042
-276.33516 369.88328
-266.47308 362.98675
-258.60780 356.54893
-266.39719 362.92785
-305.07797 387.10446
-278.08458 363.47920
-259.26681 355.36249
-205.02003 314.01082
-273.33324 363.95240
-311.98934 388.46848
-313.84274 402.27118
-238.96050 345.26383
-299.73121 384.90035
-250.77475 348.90176
-271.05757 366.37220
-278.44123 371.33333
-254.29361 349.15633
-273.26251 368.39648
-275.13776 361.27715
-243.07676 349.10106
-269.00712 366.83132
-263.46702 363.44256
-242.67680 337.34370
-258.38201 357.14545
-316.51376 396.52563
-305.86913 391.06721
-252.69825 357.88158
-277.90330 375.07860
-274.07124 360.53709
-274.15334 363.92462
-282.28398 376.83986
-273.80342 364.12739
-308.06026 392.79957
-216.37842 327.32797
-267.96711 368.27068
-282.42195 369.68337
-273.99366 368.66112
-257.37837 356.68373
-255.74434 351.30836
-272.37042 364.56055
-278.35005 364.11518
-307.41072 400.50687
-276.84338 375.93875
-256.85318 349.45065
-277.34527 375.60016
-288.54478 373.81349
-307.48739 391.09402
-269.79223 367.46777
-249.34744 355.79660
-279.96739 366.96626
-270.27907 363.28196
-282.17532 363.74628
-285.56732 370.88223
-258.06602 361.39733
-288.24147 375.62129
-234.64829 332.38338
-272.74492 367.31202
-262.09219 354.96508
-308.24151 386.81897
-268.24059 363.71518
-282.75873 375.10347
-272.40626 378.87209
-287.44208 367.85314
-282.77431 375.77119
-268.33354 362.91924
-292.96113 372.10219
-308.52515 391.66133
-272.32191 367.04952
-278.52217 366.64390
-266.60950 366.75026
-314.60205 399.51321
-259.88775 351.20291
-273.29026 363.71376
-219.14543 325.91404
-301.24952 383.21733
-268.07618 356.45082
-258.64794 353.03537
-303.39190 390.76749
-287.11476 367.71293
-283.77269 375.36402
-288.00723 371.32687
-281.44774 375.61579
-264.31303 354.61750
-262.32828 351.03814
-242.38552 343.72449
-290.18880 377.65326
-303.33267 385.74136
-257.58770 359.96875
-262.83716 363.42470
-265.92948 354.65938
-308.08052 387.86378
-263.00806 359.15707
-275.12251 369.24577
-284.62402 375.33936
-301.62774 389.31766
-266.34119 362.49163
-272.90069 372.29969
-300.47220 388.74789
-310.46203 393.85272
-304.68444 375.89039
-268.79884 352.34492
-266.40037 369.57466
-269.75000 370.78017
-310.29164 390.09132
-262.90089 362.30037
-244.70241 346.17594
-318.78030 385.98001
-266.86759 365.13353
-306.68903 386.42644
-312.96140 393.60964
-283.26441 370.53075
-242.17618 342.95858
-266.08880 359.48321
-274.10689 366.14799
-303.22509 392.20087
-269.36686 378.72136
-233.59065 336.78428
-252.38903 342.88581
-265.90471 352.45072
-267.92077 367.40170
-302.51173 376.70875
-284.12271 378.06432
-269.87007 355.98911
-274.26838 358.97493
-277.90478 364.51624
-248.67140 347.15861
-302.13487 380.86653
-304.83462 388.16379
-255.35830 351.92145
-282.68533 382.79065
-280.88652 366.23844
-283.99340 379.32278
-285.95879 379.41627
-252.08706 343.78430
-250.08701 364.37917
-304.77507 395.69041
-279.27566 366.66049
-279.36274 368.18932
-277.63057 377.44129
-282.78557 368.86762
-266.67553 364.64451
-313.46598 392.13201
-304.17622 380.87956
-276.70151 363.97839
-218.04132 332.16497
-259.80722 353.85891
-301.10584 380.93208
-265.79731 359.58458
-308.55866 394.50029
-288.58025 368.10724
-247.49400 346.68526
-292.54218 373.89877
-326.47644 407.84689
-270.56585 360.19888
-295.93057 380.18817
-229.21850 347.41226
-246.96023 345.21827
-269.14372 366.68517
-267.26169 356.99608
-300.30520 393.12130
-259.67446 356.93350
-291.45975 383.28475
-274.16487 371.03288
-270.29056 363.16039
-287.56776 383.83647
-279.02701 375.90490
-280.55015 362.47112
-286.48303 369.97809
-275.79985 358.63865
-286.98772 382.39509
-260.04597 341.11696
-274.07012 367.49586
-250.42452 351.30381
-283.52028 374.72276
-282.57449 379.78031
-257.35488 357.73181
-293.89428 383.98188
-253.96818 366.17268
-298.97458 391.36941
-266.00801 361.43101
-279.29269 375.92764
-289.12891 377.80407
-304.38243 387.37721
-313.36776 389.16480
-271.21860 374.72222
-312.14049 391.00510
-280.13413 377.26189
-278.61439 365.12385
-284.61440 375.39502
-306.66592 390.47614
-242.49127 339.53448
-293.53902 371.29664
-278.54180 370.57514
-264.51576 359.92134
-276.70132 365.42660
-267.61039 355.31691
-287.46688 369.83829
-276.71915 366.84075
-267.53384 359.00388
-257.58161 355.07173
