-290.09613 371.43356
-264.62118 349.57480
-305.95932 377.14868
-302.70471 378.39352
-263.09887 349.37781
-309.96658 384.82815
-279.18095 355.62642
-275.50948 358.07252
-306.15161 386.23345
-265.63273 348.14113
-284.37925 360.50786
-292.30349 363.52512
-300.28217 365.03164
-306.22452 375.85607
-259.03680 348.72818
-278.78991 351.57432
-330.96210 403.65932
-251.25135 334.85073
-265.59743 346.76182
-277.25481 349.80802
-298.67986 377.42609
-311.89408 379.21358
-312.29973 374.37559
-291.30231 364.68023
-267.59142 349.68103
-330.94887 379.64793
-270.86871 349.50284
-278.23365 351.85356
-300.83477 371.84399
-289.63056 360.25948
-321.23059 384.42971
-262.51962 348.43557
-257.43765 341.50122
-280.41072 349.30470
-299.67806 374.49302
-317.95923 387.43145
-272.49582 349.61544
-285.93321 355.11973
-270.07142 354.45185
-276.22437 356.53567
-296.88054 366.89637
-297.14826 370.04454
-300.55561 365.51726
-285.80799 358.31884
-264.58169 354.73642
-250.77414 336.31307
-266.14032 358.70305
-291.73584 362.82727
-245.88995 343.34439
-261.56528 348.32037
-261.32452 347.49249
-315.78485 373.49157
-295.43813 371.63279
-264.07970 342.51892
-289.84094 350.58422
-250.60853 350.67534
-285.47779 364.02813
-258.36619 341.10079
-307.16589 371.74829
-322.82617 394.43844
-220.28975 323.38706
-289.15496 364.63147
-259.72992 341.43603
-291.24469 362.64822
-300.06279 364.63618
-294.71573 366.55828
-258.13786 336.97819
-246.26857 331.64405
-320.22350 385.08561
-308.76850 375.40224
-296.31466 369.31119
-272.27353 354.72371
-281.87798 352.73939
-307.02651 369.63236
-291.11484 370.73870
-313.97841 377.93706
-271.59444 352.07810
-337.37615 394.34608
-264.36716 348.50286
-301.09864 370.52825
-316.62632 377.50743
-275.13367 346.86828
-293.06482 357.36581
-316.07120 385.49908
-278.51154 355.06474
-318.82684 379.80088
-283.43656 359.32680
-268.48600 348.69124
-248.53793 341.09814
-278.28437 363.58553
-263.68540 334.90224
-276.02720 362.73528
-330.95134 385.40639
-276.55322 352.80545
-247.60432 333.69042
-251.12710 335.48477
-311.74315 373.24608
-286.79133 371.19527
-278.95315 361.78778
-265.30714 353.22590
-278.60943 355.07221
-291.82256 350.81202
-306.23209 361.93939
-258.78259 339.81961
-305.15913 381.69905
-277.65068 361.05869
-282.17398 357.23614
-293.57626 360.49811
-282.49641 361.04161
-293.10247 363.08747
-338.74513 388.87663
-293.65731 361.92530
-271.11343 341.55511
-288.92050 352.02963
-250.53004 334.17409
-319.57583 391.15366
-293.96261 363.82394
-270.92967 366.89268
-303.89274 383.96343
-254.92605 333.33633
-282.46651 367.58216
-268.63031 348.35455
-262.74411 355.16803
-280.98031 358.09735
-298.25797 366.10607
-271.47252 352.98609
-296.42261 369.20876
-293.72156 362.24547
-244.45160 330.36905
-253.80443 338.00694
-264.08903 355.02760
-273.52900 352.63924
-281.56609 353.70542
-281.37047 358.35636
-276.87977 351.04125
-277.78221 348.78438
-297.23243 362.47481
-293.00221 369.39167
-304.95619 370.76524
-301.33415 369.49876
-315.45805 377.21409
-260.92857 335.27443
-298.16201 368.12265
-298.36560 375.26083
-296.67124 364.56674
-284.89860 357.97530
-258.55309 342.02238
-309.31246 376.58549
-281.72468 358.82677
-282.90968 359.37657
-299.99164 371.19991
-311.43213 380.63125
-260.37125 343.09395
-251.10838 338.95613
-325.51220 396.09692
-287.94345 355.33981
-286.14951 364.43450
-305.59988 373.22302
-258.42832 343.48662
-282.22441 366.20548
-277.01677 366.66126
-248.19003 329.15671
-264.36390 346.48088
-254.88194 337.42085
-312.24113 371.27006
-295.01598 365.29826
-331.26175 389.80551
-299.98516 376.17801
-284.18243 355.75817
-256.73039 348.10096
-277.91370 355.98598
-312.81550 382.24977
-279.84248 358.87614
-306.07365 374.34107
-283.27861 366.10508
-290.79856 367.45467
-292.18020 363.72696
-283.59976 361.80563
-309.92984 369.01351
-274.36811 365.13723
-282.76332 352.41358
-296.11472 363.99636
-287.69358 368.36293
-274.89807 360.98666
-252.89100 345.83238
-274.38513 351.68786
-285.64299 357.16609
-279.58229 355.91712
-305.12033 363.45868
-298.73006 373.72477
-273.28399 359.75348
-294.10948 365.67845
-287.47080 365.97343
-277.63752 355.28242
-331.50517 387.99257
-307.29632 374.30216
-279.43421 356.80031
-292.00093 369.55223
-260.72555 343.86502
-265.41379 342.17507
-284.59971 359.90855
-265.77397 351.23005
-269.28827 352.38073
-227.33013 316.76795
-296.53320 376.53162
-292.21905 364.64026
-311.24874 375.54874
-274.24183 350.49599
-300.95742 365.71439
-295.50650 369.01526
-296.10783 366.26143
-265.37870 337.49815
-261.45993 343.63635
-313.46844 375.64502
-238.38076 340.48270
-275.39816 358.54229
-297.73810 370.69952
-265.44047 346.06401
-280.20112 350.50908
-251.82893 332.57536
-261.94025 342.43407
-267.12330 346.21153
-316.20024 376.27702
-250.01899 352.22081
-283.35893 358.20631
-308.58260 368.88730
-282.34842 350.75122
-272.02260 348.76179
-273.07463 354.50007
-276.99106 362.96173
-293.32144 379.95840
-331.27389 386.65564
-250.46303 338.39069
-310.76732 371.16279
-273.38174 353.68485
-238.84273 329.39958
-282.99749 363.33603
-300.52721 367.38028
-311.66950 376.21722
-268.72631 343.36920
-270.69855 350.42660
-308.96251 381.28251
-259.88207 341.91626
-251.79388 341.83032
-282.68847 359.81903
-303.88084 357.49776
-209.89006 317.46528
-295.03927 367.61377
-266.15475 346.70572
-296.62541 358.92345
-303.64407 371.75690
-325.76372 383.74522
-271.26776 347.05874
-278.86101 352.68338
-271.65168 352.83192
-272.63780 349.02849
-310.20708 388.59180
-271.05143 346.38640
-298.79108 369.53887
-280.58683 360.31243
-275.74714 357.35872
-279.91548 355.45686
-297.90815 370.54695
-315.54610 384.72279
-264.89291 354.00839
-298.85658 375.07527
-311.35897 375.43742
-273.79288 356.05074
-258.87547 349.05238
-258.44139 335.48897
-249.91479 342.00391
-310.45504 377.50357
-310.84736 382.47731
-297.61199 360.28482
-335.52884 392.61214
-252.08269 337.10920
-225.86154 326.96198
-280.63389 358.69390
-241.23122 328.54462
-231.10838 321.94808
-250.16153 336.45101
-281.90598 353.15179
-279.52637 358.53789
-272.80555 340.07589
-278.37705 352.74749
-285.94313 354.04487
-279.69654 353.21599
-317.91322 381.78749
-189.72313 297.83906
-276.64078 358.06357
-264.85357 346.56183
-263.01347 334.64582
-279.76071 356.10959
-278.90301 352.95520
-261.60702 346.39724
-278.03359 360.18811
-317.20869 370.11955
-278.93178 354.15455
-260.76368 352.02373
-254.71737 349.00989
-280.20879 358.30744
-277.22031 348.34780
-312.42487 375.40954
-276.08437 359.40583
-268.92955 348.32740
-264.53880 343.68199
-250.48927 338.31321
-271.93006 350.12413
-274.97453 354.00197
-267.24039 348.66322
-326.42422 375.75192
-277.91800 344.28103
-291.82199 355.88382
-278.58978 352.01114
-286.78155 364.75116
-312.70496 381.18895
-255.93358 343.12089
-325.74535 383.41453
-300.67985 363.79933
-283.17428 361.96335
-310.11417 367.56927
-322.05119 383.34995
-240.09057 320.93472
-297.43142 376.45404
-291.69231 364.93579
-239.27760 327.97972
-247.15488 331.07464
-256.83220 333.86796
-281.09119 359.82509
-274.13437 351.39083
-263.77390 342.88992
-312.90602 371.86909
-273.09075 352.82597
-343.57526 397.21966
-280.14678 365.78248
-312.01985 373.25929
-282.33057 350.23705
-275.04336 357.53076
-258.28989 336.16433
-281.19245 351.99575
-308.25787 374.88869
-305.03422 373.61879
-265.10088 353.61085
-278.33499 347.50638
-300.96506 372.43585
-296.34080 367.62209
-292.05111 369.41654
-314.20605 379.79291
-309.47337 375.91325
-266.81206 355.74250
-334.48859 395.92290
-272.07984 353.45784
-271.38158 356.25812
-274.36904 350.10154
-279.05216 363.87392
-245.52561 327.40315
-268.94290 350.07177
-237.98050 329.53058
-329.01433 392.39265
-258.34360 350.03613
-233.30123 334.32966
-266.68600 346.30377
-288.02579 360.85665
-258.36285 343.88089
-290.63310 359.74727
-283.59450 356.37455
-251.46287 333.54570
-289.20460 364.51631
-292.53956 361.02632
-304.08541 369.25117
-236.47254 326.20623
-318.82768 379.03849
-293.16374 370.31871
-268.67763 346.55454
-291.29516 359.67942
-289.05796 355.73644
-235.57102 332.69335
-275.44938 358.93560
-297.30543 361.79052
-324.25319 378.91150
-278.52831 356.52714
-321.87947 389.07487
-261.13146 345.28632
-258.63797 336.54840
-227.51166 318.46890
-313.12565 376.87593
-288.74279 352.83149
-293.01507 379.97806
-285.11355 357.06000
-291.99132 377.23985
-235.53005 326.18104
-310.74819 376.27115
-293.45197 357.69475
-314.67231 377.07973
-303.50804 368.93693
-277.32395 349.50005
-317.71457 371.44067
-278.32321 358.51650
-278.77789 354.02292
-265.71398 354.22266
-290.92400 360.77558
-296.95175 367.04144
-230.83329 323.92123
-237.80106 338.11456
-239.16285 325.49797
-304.18598 373.36864
-297.80456 360.13175
-278.96444 352.24381
-301.27733 367.26850
-252.46046 341.53090
-269.89659 344.99351
-292.03795 362.53678
-291.91886 367.92745
-318.04014 387.14964
-268.36120 352.90994
-265.34284 348.17690
-272.53559 351.37719
-277.05432 348.72146
-270.17155 348.90645
-241.25120 339.23082
-272.91242 352.76275
-289.87315 363.02791
-283.13570 357.59617
-275.92529 353.47769
-265.81038 350.20417
-291.84609 360.47862
-294.13561 360.95926
-323.38023 373.42503
-263.52901 345.22431
-286.92397 353.26364
-294.20943 372.13422
-323.50241 385.94897
-277.25021 352.84473
-278.10733 359.61791
-300.22987 371.86360
-288.21829 366.62521
-259.81088 349.43350
-254.66141 342.46844
-255.59240 338.69296
-317.72165 379.63757
-306.78644 359.33169
-276.22850 351.98347
-296.09699 365.28661
-261.93971 341.43934
-255.37131 339.64516
-296.94808 362.88745
-284.55252 355.44226
-270.40715 348.39701
-276.11980 356.74610
-290.62913 364.71572
-287.52769 358.38893
-295.15845 368.53475
-298.21370 366.55073
-323.10137 384.90732
-274.55528 351.61992
-266.36613 342.65337
-216.20173 308.28325
-290.75584 352.29979
-225.47800 321.53762
-262.24737 345.98746
-295.61334 366.16931
-276.73519 356.71030
-284.99946 361.24742
-283.35957 368.87205
-268.15932 350.71867
-282.96462 354.25947
-250.41912 332.76407
-316.92718 379.64685
-312.69877 374.91731
-290.63044 362.42000
-295.20061 371.04420
-300.81716 361.08219
-271.67984 348.02169
-319.74715 388.55009
-244.02449 327.57542
-319.34487 376.75671
-266.03565 342.88024
-285.98633 354.00634
-318.89880 376.71555
-231.21084 327.10473
