-260.25947 331.53523
-281.23941 344.09707
-265.54469 346.79429
-281.83038 344.25818
-320.59168 368.89431
-322.32120 370.30502
-275.68498 338.66429
-279.18200 337.94077
-278.00672 339.75582
-290.30600 353.73132
-312.47446 354.27563
-326.89555 374.53752
-264.58076 332.96922
-288.75869 347.56773
-266.98191 334.19597
-270.37747 338.03876
-279.57180 346.88648
-274.21292 350.50253
-262.82493 336.07188
-297.40771 347.37653
-240.23877 318.25445
-262.13168 323.60754
-256.14901 325.42929
-278.49944 344.30219
-279.92441 341.86703
-270.12748 335.32896
-300.46645 354.21057
-290.83275 345.31769
-240.54672 323.34982
-261.13333 325.93329
-279.53614 343.17153
-305.50399 362.65027
-303.83765 356.52587
-271.06984 337.17848
-271.44613 336.27658
-273.48998 342.22501
-253.03536 334.66867
-296.97277 355.44330
-266.31139 330.60417
-283.94103 348.75187
-258.53126 327.42107
-278.57195 340.90482
-262.64974 319.35135
-261.76522 326.66971
-333.43292 374.09008
-272.77061 337.61537
-253.51394 319.33310
-312.22050 365.49010
-257.20506 334.55761
-309.33755 351.39559
-270.18689 341.98812
-256.66641 329.94260
-294.53464 350.67714
-287.38778 348.01801
-308.45954 358.26247
-305.28997 349.92356
-312.69149 363.68713
-273.07531 332.31864
-293.81527 345.12274
-263.02485 336.89461
-300.32441 344.26943
-274.66136 329.98075
-317.09700 363.06559
-250.48170 318.56285
-309.88347 360.42561
-279.78859 344.28993
-299.20066 348.50591
-312.06937 366.01455
-250.21931 329.29421
-313.98517 359.97933
-286.53743 341.06501
-281.29479 335.59689
-267.21998 337.49657
-323.67272 380.41959
-324.02079 372.07399
-314.83316 356.59301
-251.84736 323.59593
-287.70675 343.74512
-338.35267 370.69411
-248.54518 328.79783
-246.87032 319.71967
-257.01735 324.56538
-324.89713 361.98586
-311.19736 361.92229
-302.58041 358.94131
-275.20751 344.31623
-220.85809 315.14398
-254.59276 324.06318
-310.78411 366.55948
-266.48851 336.29661
-264.97984 333.78019
-222.36788 302.17191
-240.34831 317.79799
-321.59613 363.99374
-273.87556 329.15507
-320.81255 378.21430
-282.10617 352.33865
-278.44402 336.27683
-270.73345 344.61972
-248.37930 326.57113
-327.93577 369.53444
-251.57403 326.67679
-304.06504 352.08718
-222.71345 305.53553
-328.01741 378.34309
-314.11024 372.25090
-298.49162 351.01161
-305.84796 356.76659
-306.09204 350.07001
-295.28997 347.82160
-290.08557 352.13705
-256.75257 328.11788
-347.30581 387.42655
-326.20202 367.90149
-300.43176 354.21905
-317.45824 369.07266
-294.32858 358.26636
-292.18905 357.35550
-281.15514 346.01701
-266.49013 341.10492
-288.12869 342.61089
-279.09511 343.71330
-256.25531 331.58911
-254.91830 329.86895
-303.63382 352.33379
-293.59573 353.44077
-228.19141 316.98995
-267.70857 330.42747
-262.61030 326.25920
-273.16104 330.36770
-272.42976 327.05034
-299.67496 355.24856
-318.31016 361.48635
-245.18809 309.65794
-299.90054 350.96994
-304.49918 354.65658
-268.66465 325.88536
-284.44353 337.47303
-290.08334 344.94772
-290.14851 340.96995
-311.72631 366.23193
-298.17704 358.85118
-292.78709 344.51311
-314.73741 358.76701
-288.26850 355.26061
-285.01896 341.59071
-300.36930 351.90785
-315.01197 362.46596
-284.91266 345.33380
-228.65621 320.38432
-251.22950 318.71028
-275.66670 348.33177
-272.60830 342.82736
-269.45914 336.47399
-277.59761 347.60752
-297.02688 351.17792
-305.64736 358.12867
-287.96479 344.76814
-329.45752 371.72158
-306.16988 363.50019
-288.52324 344.98036
-276.24075 337.70648
-269.57769 325.02082
-240.51733 317.16147
-277.28361 334.45409
-281.63075 348.31852
-317.30342 359.46244
-260.38843 325.03896
-280.90259 340.28787
-239.40170 319.20807
-289.11223 338.97941
-293.58551 342.26712
-306.62861 353.30880
-237.19866 316.90433
-304.22151 350.49967
-297.66052 363.19992
-335.25573 381.23707
-296.32211 353.40298
-272.16747 337.22019
-287.15715 346.83220
-250.33373 321.31348
-263.82749 318.24740
-296.61642 353.56659
-290.02885 345.95198
-287.96371 346.12173
-335.19280 373.69624
-270.92536 331.66006
-284.95482 345.74573
-288.70766 345.32337
-266.80969 330.66470
-304.43651 358.18516
-281.66039 336.09827
-295.51605 348.45803
-289.73117 348.15239
-298.51034 345.97067
-302.93900 358.77578
-268.02409 339.79848
-309.13223 354.18807
-281.00499 341.24766
-269.64807 331.75485
-252.36067 328.86082
-297.95886 352.99862
-275.05732 336.87221
-324.21020 372.94782
-297.65768 348.75360
-301.08211 352.29630
-285.61365 355.00106
-275.34845 341.67379
-302.21204 359.88500
-290.34943 354.22307
-312.71409 357.57299
-300.79985 357.61515
-317.30273 363.04654
-265.73024 332.92003
-289.27727 351.25016
-277.08807 343.45923
-276.04292 336.68800
-292.99987 346.89703
-290.29994 349.24064
-280.57982 342.68259
-278.85611 347.59140
-279.89654 336.61047
-326.20501 374.45978
-274.21379 346.64470
-259.65073 331.17711
-303.52221 357.65268
-299.96226 346.49297
-273.85782 335.72561
-313.20571 355.56320
-317.28013 355.07509
-306.81055 357.36651
-319.99691 362.13599
-278.46403 355.07918
-290.26046 355.16053
-334.05400 376.81996
-268.12694 334.49726
-304.35068 362.39590
-328.93335 370.72124
-299.67940 360.28077
-272.21365 338.19259
-326.53087 367.05247
-257.04191 326.23140
-281.31269 340.52404
-295.05082 350.11785
-284.61952 349.13002
-333.34356 369.88590
-259.89641 328.99397
-322.00447 364.47810
-296.03272 345.40715
-263.12831 337.43260
-268.62553 332.30977
-306.29758 362.95455
-251.73181 324.82022
-300.30499 357.64099
-261.79059 330.61676
-264.50327 324.37899
-264.67120 337.41815
-275.18678 340.26820
-300.13414 357.86750
-310.20797 367.96806
-267.55619 331.59694
-278.00301 349.62727
-288.29823 348.31486
-304.83155 348.74129
-256.53995 321.48083
-308.25911 361.51258
-274.53496 334.63163
-259.74438 322.71813
-257.65351 323.97224
-298.17053 362.87508
-297.86606 351.99242
-294.64730 355.09946
-301.74823 345.26119
-284.04087 344.90407
-303.14904 344.80912
-288.87136 348.53476
-334.09657 376.81767
-262.56265 325.21914
-262.69286 329.48038
-316.97025 361.44753
-262.40689 329.79425
-294.42706 356.40289
-276.20928 336.68610
-250.65236 322.51578
-270.80125 334.15975
-272.28108 334.33998
-317.66767 366.64803
-244.46457 321.92001
-278.96289 339.11755
-304.03900 352.72900
-243.14528 320.89701
-277.88161 337.03993
-313.43213 373.65255
-276.12777 336.31144
-233.66740 312.72615
-316.58140 358.76820
-270.35034 329.75464
-271.26899 335.81972
-266.37691 341.44160
-264.61203 334.21334
-316.72697 367.38304
-231.74137 317.32875
-286.81410 358.61211
-276.51749 334.85403
-296.02667 347.46694
-255.33957 328.83193
-292.09815 341.46648
-272.55314 333.90779
-299.89871 352.58035
-271.52478 331.67023
-276.87897 341.45016
-274.96631 340.25567
-296.57595 352.72629
-285.42644 343.45252
-290.92936 348.17778
-293.15649 349.33734
-290.63093 352.03950
-264.72694 337.01301
-291.42770 356.51929
-302.69872 363.24427
-306.67742 363.19510
-332.20423 367.01942
-294.17336 355.36652
-263.90103 319.64153
-314.66157 361.10894
-289.95114 343.97839
-283.51855 337.36526
-296.11521 365.04564
-301.22616 350.48261
-359.67473 384.07774
-264.64278 329.79840
-276.00477 338.88213
-243.51894 318.91834
-278.22428 344.96697
-293.37683 356.21335
-308.87380 355.24796
-265.01180 331.03208
-276.46599 333.97748
-285.02903 344.38158
-270.23910 337.44940
-264.02440 322.03724
-264.08964 326.46837
-314.93620 365.69585
-297.75159 354.12072
-267.68785 332.40779
-297.17639 352.68148
-283.40561 349.85879
-303.27825 359.86503
-273.77880 333.58789
-341.48066 391.43758
-263.74191 340.78638
-279.62175 341.14347
-280.99888 344.45812
-320.93811 376.08245
-288.45131 339.60947
-267.17978 337.65902
-316.61886 357.77881
-291.82586 346.61068
-325.45625 362.34174
-281.33388 349.28141
-244.20738 316.08394
-297.18370 347.78065
-267.85170 346.97233
-286.33823 347.34475
-287.38242 350.26922
-294.71974 347.42616
-288.77857 347.71212
-288.86058 341.12016
-275.40715 340.56327
-309.27811 354.27853
-321.99453 373.74469
-272.48201 331.02430
-288.32360 348.88855
-264.02598 335.44829
-360.49733 383.94047
-264.47720 341.87582
-276.16421 348.49396
-271.31987 336.83015
-338.83420 375.00759
-279.80384 344.55389
-327.71043 372.61018
-305.32272 346.75659
-282.79802 344.00083
-296.15438 357.37161
-307.77985 363.76568
-299.30417 351.22009
-338.56998 379.98320
-293.16217 345.83859
-274.80900 337.99919
-260.15476 329.75032
-307.86877 352.03193
-309.41500 358.57743
-294.31662 350.33179
-270.14903 333.93129
-261.36913 328.00513
-252.53327 327.59199
-281.09105 343.25743
-267.93864 327.15364
-250.47870 322.33227
-319.01572 364.39175
-252.63932 316.23525
-281.96732 343.52660
-278.39647 340.15473
-242.37229 322.90807
-308.98145 368.29733
-300.70055 357.18021
-286.18891 346.30254
-260.98821 333.20496
-299.44676 358.42713
-295.45237 356.52360
-263.82870 324.43167
-308.08255 359.44128
-274.82861 335.91403
-250.75307 315.22664
-303.82202 351.67212
-303.24555 366.42266
-242.66764 315.22499
-272.24625 347.98562
-288.69751 353.03616
-291.38649 349.22053
-301.84695 354.01376
-259.33051 329.93038
-295.12776 357.27424
-267.69447 338.35487
-272.48720 347.64250
-299.13254 352.47284
-289.32957 345.07998
-279.47162 343.90133
-269.00164 337.18967
-245.48192 323.52918
-258.30587 327.00570
-286.64379 342.87134
-280.23313 335.68096
-255.04417 330.44353
-277.78073 343.46676
-287.29421 341.89100
-333.18642 369.83985
-270.27087 334.38617
-259.32889 330.47579
-320.87866 369.58346
-250.77798 321.60595
-317.04803 363.57541
-272.05427 335.40092
-332.44510 374.33187
-326.35834 365.52615
-268.10353 337.16053
-261.48078 326.04576
-317.51286 360.82884
-287.00243 342.61472
-307.65591 366.54474
-291.31264 349.77278
-283.83350 344.57019
-308.97326 360.01728
-309.53769 360.15103
-322.14963 369.38504
-281.20273 341.23650
-342.31769 373.17806
-271.83579 337.44795
-231.96656 314.99058
-330.34309 384.12300
-290.01363 343.54441
-303.48943 358.86973
-274.59499 332.91114
-299.11499 350.44170
-281.79807 343.39995
-283.77509 347.33266
-236.78215 311.17506
-257.69197 329.62181
-267.39010 334.66375
-261.36651 331.19312
-329.29961 372.14051
-286.68549 345.90590
-282.59379 347.50994
-273.35839 339.45206
-304.54567 354.30564
-279.10864 341.69501
-308.13678 366.55712
-319.77915 366.08547
-286.56970 345.28435
-322.27343 363.44891
-258.82728 324.57225
-302.78907 346.48980
-335.10889 377.53401
-258.31751 331.41680
-280.98480 342.48004
-334.92119 379.62718
-291.81241 357.13467
-279.23069 337.28554
-271.80774 338.48248
-298.43081 355.48889
