-365.22492 367.71220
-316.26128 335.63672
-314.35246 329.65285
-258.26489 297.94449
-288.26398 315.74844
-308.15889 322.03626
-274.12369 308.44079
-293.05211 327.09040
-281.86301 313.72079
-324.62154 336.77684
-316.39685 332.83569
-303.82267 327.73134
-309.13197 319.56697
-353.42676 355.41189
-313.47935 330.61833
-217.83640 287.41964
-263.21943 297.29756
-304.46055 326.79380
-297.22179 328.47776
-326.84769 343.11810
-283.81866 320.71545
-276.78700 319.89372
-319.15790 337.74206
-263.20940 304.66017
-263.42537 309.98472
-304.86909 331.40599
-329.90639 338.05375
-295.28964 318.97149
-316.82298 339.38823
-303.01320 330.86497
-309.25680 332.03888
-316.73892 337.75409
-271.56601 308.38397
-248.24187 292.44340
-290.88618 316.29997
-269.01174 306.52372
-247.57752 301.16087
-305.03659 329.12717
-288.65371 320.32563
-319.67996 339.54538
-309.67723 324.46733
-299.86009 324.54868
-291.22578 327.80427
-301.83054 328.60836
-272.15462 310.13037
-287.04953 317.12512
-263.72919 302.64824
-327.22798 338.41273
-327.76864 335.96823
-368.84265 365.43618
-294.34231 329.43798
-310.74730 327.41398
-336.48572 347.59386
-308.00304 328.91208
-312.07638 335.02124
-292.54461 321.97418
-276.82623 310.55349
-293.00700 323.47975
-319.62968 333.32628
-312.51599 327.49710
-334.95554 341.51660
-332.36401 343.00055
-282.49461 315.45870
-326.78219 336.10778
-308.53614 332.64406
-271.77907 305.44911
-305.15053 322.65055
-305.68976 337.11889
-288.98982 322.24834
-249.45745 298.14768
-262.22936 306.31827
-361.28279 349.16978
-347.20301 355.90752
-285.00284 318.90395
-313.46544 333.34754
-298.93052 328.60802
-313.65200 335.67646
-307.00705 330.95544
-278.75504 318.10940
-330.39190 345.44739
-305.40671 330.91811
-289.68215 319.10575
-258.75846 302.02138
-328.39263 343.25281
-254.40747 291.05542
-297.06130 316.97522
-311.91509 323.59324
-320.01729 335.87214
-296.57419 322.32253
-274.17071 298.46130
-237.61452 292.50452
-280.52180 314.15050
-283.84076 310.94909
-239.34499 290.04306
-333.03906 354.72607
-291.59017 327.90018
-249.79688 291.98476
-281.60615 315.07066
-338.22417 345.78577
-265.65556 306.18807
-318.33156 329.94300
-259.71784 303.87560
-299.27599 328.07874
-349.28635 360.74767
-257.13272 301.65924
-267.92440 300.14246
-287.32864 313.20020
-300.62257 332.00178
-310.11822 324.39962
-318.61470 342.41239
-306.49504 333.19077
-309.32421 336.54376
-323.54093 341.54687
-303.92651 326.35019
-299.82689 323.82761
-300.81073 325.09180
-338.56386 341.41173
-286.29265 316.59974
-294.01758 329.41943
-303.34883 328.81834
-310.94696 334.38784
-280.82909 305.16935
-293.29632 330.23215
-318.92716 336.80178
-304.57869 330.00962
-291.25146 313.74984
-324.92229 341.73756
-313.33096 335.56552
-244.46065 289.66615
-342.22632 347.91384
-300.48493 332.69737
-274.54163 314.75814
-292.89732 317.11027
-321.79101 335.93689
-299.94855 336.39660
-315.68286 345.89123
-298.17713 320.03383
-255.71017 301.37638
-282.99999 313.42588
-308.19315 324.58419
-300.68309 329.19138
-326.95646 339.22419
-284.57674 310.27030
-294.69423 327.89802
-317.97076 334.92755
-258.83520 301.45538
-293.14387 317.08684
-290.45841 321.81273
-327.00814 337.18317
-312.00247 341.95715
-273.88648 311.90233
-288.68362 324.06060
-280.74545 316.51061
-329.92786 339.51040
-311.79222 334.30259
-318.78822 333.40538
-299.88822 322.96862
-343.85187 362.70199
-355.46114 360.84461
-273.89234 307.78182
-256.58093 307.03552
-282.92707 319.60823
-272.33531 314.05244
-249.84689 296.14569
-284.57538 320.64789
-309.17159 320.13932
-245.68608 293.13322
-283.32931 318.33643
-307.97966 329.62794
-302.47698 334.68268
-309.80211 336.64188
-241.56634 298.77091
-286.43415 314.98903
-300.76390 334.10630
-253.85636 298.03343
-312.33210 340.77458
-269.34513 303.13140
-278.05495 315.21635
-365.18643 346.94562
-290.36997 322.85363
-352.10477 357.57653
-302.59217 332.63594
-328.76270 340.60173
-313.84513 331.25347
-294.53584 326.93705
-331.29624 348.75927
-274.59764 306.11356
-289.44733 323.51012
-275.55235 302.21281
-282.99878 309.26275
-257.12852 301.48546
-317.31482 338.52737
-296.12477 321.28586
-303.11035 326.30594
-290.84396 317.60861
-267.25108 304.90596
-281.93707 317.26294
-333.84528 344.56856
-283.35930 310.80012
-255.51216 310.93730
-288.40871 320.43900
-302.24890 322.37759
-292.95195 325.37397
-267.71610 314.19210
-284.67553 315.21600
-263.26857 304.57240
-262.05660 306.65341
-276.22609 312.15507
-295.38973 327.82184
-313.61697 334.17429
-299.40993 328.98130
-270.14192 305.49253
-257.93718 298.41972
-266.22053 301.31536
-309.95422 338.76053
-255.45089 305.63855
-277.78890 315.26084
-331.64854 345.35582
-288.95996 320.64743
-307.66691 334.34590
-257.14560 297.76092
-262.54795 310.34612
-306.85086 328.22363
-244.46307 304.18466
-253.59972 303.01689
-339.31813 349.92091
-337.84947 347.06171
-277.70379 311.68933
-336.25963 355.49027
-296.99872 327.30187
-329.38284 357.28384
-320.47512 337.01291
-286.60693 326.03491
-331.15053 336.76786
-261.62917 303.08380
-291.63498 334.01571
-271.68338 305.17926
-298.56044 320.62861
-308.87756 338.25476
-303.74241 320.55843
-301.11666 327.87268
-302.24509 320.64675
-300.72372 332.00278
-257.78896 299.85386
-323.26091 339.88026
-306.24628 327.62561
-284.78569 327.94438
-274.42133 312.74877
-324.19231 333.28608
-257.81299 298.95333
-318.86643 334.96294
-308.61325 330.09558
-311.37919 327.23839
-337.47949 345.44231
-262.76306 307.87759
-274.78810 304.62910
-282.56391 320.91317
-234.49843 291.18946
-247.45605 292.53677
-244.60828 293.49816
-306.54554 329.92309
-264.98439 300.94456
-287.97639 322.48326
-272.03554 313.67738
-336.18474 341.55768
-288.76120 319.23114
-299.19275 329.79833
-332.72344 339.91327
-301.17546 323.76723
-271.62239 314.54747
-282.37438 306.53293
-310.38607 335.82090
-341.54743 347.07704
-291.84540 319.65347
-276.14827 313.64717
-270.67734 307.75961
-305.78880 327.20060
-290.64190 322.61920
-306.21665 321.58064
-271.04475 311.09368
-285.04350 315.50956
-256.50035 290.97511
-263.12106 307.77639
-272.32456 305.98830
-297.26044 330.67046
-286.75889 314.40330
-305.55944 325.73536
-286.31570 322.62015
-319.58104 332.66446
-298.39785 324.20145
-310.79791 340.63495
-278.37710 314.69513
-307.02063 329.95452
-262.60612 302.99401
-305.45612 328.71764
-291.87526 312.14747
-288.41264 317.28462
-306.86573 332.98506
-304.30390 331.56035
-313.65339 333.86260
-306.63219 331.37873
-294.41069 326.68607
-307.27233 330.84809
-310.70788 326.51587
-341.26409 351.01426
-316.50780 342.77402
-323.98686 342.93410
-314.19529 322.29543
-270.52154 309.53110
-293.83793 329.26851
-282.86931 326.50081
-318.95481 327.86443
-311.69256 334.65281
-303.42678 324.72169
-301.26716 323.76241
-297.12299 319.42947
-243.86368 294.46298
-253.65087 296.98051
-232.80792 292.69131
-276.24691 315.79462
-274.95553 305.13956
-282.02722 316.74011
-239.15499 290.28705
-271.78353 308.89793
-293.53886 317.52392
-293.76869 319.19425
-269.83711 311.11982
-294.55355 317.24396
-331.92750 336.99708
-320.06213 338.68643
-347.68238 350.65770
-315.82643 335.64762
-314.95054 335.76592
-343.45893 349.76787
-253.07363 298.89481
-297.33384 328.20607
-317.70933 336.96174
-303.66561 329.93818
-286.75826 315.31553
-267.78112 299.82032
-350.98289 354.46394
-295.19159 324.96596
-292.12220 323.34477
-243.21922 300.08772
-343.36362 353.95721
-294.59272 326.64034
-322.67921 334.73415
-341.60180 345.69342
-275.55441 309.69861
-332.63765 353.01142
-260.88098 305.00482
-279.21769 318.80598
-304.60592 324.15078
-249.25935 298.25310
-274.99962 310.65336
-301.74054 333.00463
-322.58330 343.66392
-295.68118 319.70791
-318.34948 342.22568
-312.80965 327.99394
-273.84452 304.79211
-307.85328 330.63548
-262.23563 303.06393
-302.33736 326.98875
-284.67817 317.98216
-269.69959 311.25166
-276.82865 319.26305
-287.59678 318.63353
-291.46504 325.60243
-279.60924 309.43885
-318.43079 337.15588
-278.55123 312.13452
-244.30337 299.26257
-332.73303 355.33697
-310.99402 330.11960
-252.98542 309.17937
-261.61968 303.32407
-240.98204 295.57905
-270.43598 307.95378
-300.29296 320.41346
-267.36449 303.92542
-330.14510 339.06580
-281.44934 316.27264
-283.86342 315.65171
-336.39180 345.62434
-337.06905 343.44553
-292.46034 325.21303
-312.19094 327.17338
-333.85409 347.40185
-277.83652 308.82033
-310.72836 336.96939
-297.93250 324.86529
-272.40776 306.70170
-315.53948 333.96680
-309.96407 325.70341
-313.48459 327.18722
-280.43121 319.32623
-313.70255 334.72445
-306.99170 322.92831
-285.02083 318.89756
-336.04967 344.72315
-324.86839 338.38671
-327.77862 332.16794
-307.16291 330.06831
-290.40347 319.19809
-286.76239 315.81561
-298.04033 318.95002
-280.55483 317.87070
-304.92952 333.61818
-284.10059 329.02919
-303.83576 324.54119
-298.68091 333.84634
-289.99878 316.95586
-283.28049 314.40972
-300.31189 323.72484
-285.51362 320.18291
-330.60623 345.40539
-257.49455 301.04301
-295.96212 328.73480
-294.54819 324.00750
-261.94457 308.43595
-292.42948 322.18817
-304.42259 325.06126
-316.23614 338.26349
-273.27415 310.65418
-315.99663 334.42951
-283.30594 312.96700
-256.30933 294.77172
-321.40212 344.18344
-276.92102 313.36706
-294.14970 325.46990
-325.71640 344.83819
-317.42031 337.00766
-303.47540 337.43057
-265.53666 305.52422
-300.23637 325.50499
-291.92390 321.32548
-317.96233 338.71375
-275.31515 312.80112
-303.53224 326.21910
-282.57480 315.68758
-320.00200 338.65842
-312.98282 334.52163
-264.13649 311.49851
-345.76251 351.42104
-265.39272 298.88019
-315.40397 344.76048
-271.77818 308.41646
-258.16991 299.61182
-255.25785 299.98284
-313.46176 333.23748
-287.16361 321.18816
-319.37705 333.43557
-280.12814 317.09985
-252.28675 300.25328
-295.63114 321.96461
-311.43134 338.62978
-324.90159 344.44152
-314.42742 333.51438
-344.27760 346.63359
-274.79973 307.31938
-311.56845 329.60510
-305.06703 337.59498
-346.09071 350.15560
-269.36394 315.32182
-308.60755 327.21184
-239.09356 293.91330
-231.04030 290.81199
-243.58256 295.23055
-298.52703 332.62830
-325.01995 338.17047
-311.98049 332.74567
-301.96428 324.13105
-308.13219 330.99186
-270.92668 305.72749
-319.53470 343.72009
-280.30728 323.23315
-318.46343 339.93806
-283.48518 320.81840
-256.23528 307.57477
-300.31966 329.47803
-249.15822 300.86210
-336.41105 347.19228
-293.51376 321.10248
-245.21796 296.27044
-253.75724 298.61235
-323.17877 340.03558
-287.55261 318.38983
-307.28978 328.29584
-339.42547 351.56103
-307.14029 324.56152
-307.96697 337.81440
-262.46972 307.05201
-367.18695 354.58169
-262.35630 303.08077
-280.77987 317.07611
-320.72055 338.71279
-291.87132 321.99846
-321.72336 336.18709
