-325.54506 316.86103
-283.37328 299.85270
-285.49231 293.23642
-328.95355 312.54220
-319.39768 311.12792
-314.22832 313.56604
-308.86458 307.96116
-312.26045 307.13621
-335.07753 318.97236
-319.92615 309.58221
-262.80688 279.94052
-301.75809 301.77648
-309.43235 310.51082
-327.58543 309.17375
-301.76906 295.73204
-287.70712 304.62491
-316.39945 308.56676
-269.63820 283.84614
-299.67984 304.94339
-337.78529 328.42124
-323.08333 308.46531
-272.57415 285.74158
-304.27694 298.39191
-319.90873 312.19600
-278.17539 283.67162
-342.62984 321.24421
-335.87240 320.08576
-274.38798 288.35209
-321.38977 312.74301
-304.98833 303.53235
-299.33731 302.62039
-319.62409 310.67763
-323.09314 305.56145
-333.89784 315.16416
-308.54303 293.45675
-311.78145 308.61676
-330.45354 313.91044
-279.01784 290.78428
-242.10589 276.55188
-324.15496 325.82052
-308.92909 308.27208
-341.91358 317.48724
-303.62564 302.88561
-316.22017 308.06932
-302.83713 303.91821
-307.92521 303.10469
-340.88715 319.73671
-314.44798 308.80794
-275.03361 296.04415
-263.43267 274.30652
-287.23205 286.34653
-270.45230 282.85818
-288.51197 289.52166
-317.13081 304.88686
-331.49855 317.59751
-288.59475 292.72781
-317.44472 305.38829
-321.89859 320.07986
-277.94626 287.26196
-313.85900 302.95728
-332.17259 322.20866
-312.59398 308.98072
-306.07473 301.22675
-345.83921 326.90584
-317.94961 309.92215
-325.70192 310.67515
-256.14173 282.20794
-309.16253 305.63270
-309.50238 315.19699
-289.15463 301.70556
-282.22367 295.40865
-301.53678 297.99206
-305.01267 300.23510
-329.55049 311.33567
-297.59199 296.50014
-311.17289 304.56221
-307.76038 297.79299
-297.93839 295.40368
-262.69568 275.72576
-308.04322 307.31227
-267.45033 276.88096
-359.79986 325.35071
-264.00440 286.15114
-267.00719 282.89616
-257.55563 275.85660
-286.01414 295.97087
-303.92834 297.35385
-281.12032 295.41877
-311.85472 308.47697
-287.86253 297.17594
-302.24541 291.46489
-294.01029 300.70650
-297.67511 300.12017
-301.58896 295.47403
-298.20509 301.25539
-287.11923 292.40835
-317.50133 306.78923
-303.24306 300.59980
-340.07095 318.33719
-281.86964 293.19875
-328.15482 317.51021
-282.64467 288.63829
-297.45401 301.53698
-281.38264 285.10765
-279.62627 288.48694
-375.74908 342.12082
-311.59772 307.40240
-322.54077 314.52581
-309.54118 300.14604
-298.64643 303.97280
-324.56692 313.06196
-321.52227 311.71888
-313.85534 306.50229
-288.86931 283.36137
-256.73829 276.38600
-312.58093 316.01458
-291.22999 289.78615
-281.21286 292.27441
-309.61120 302.52353
-275.01128 286.67411
-296.43444 298.03882
-289.79196 292.98453
-335.66850 321.87520
-284.53998 288.93243
-247.04690 274.21976
-265.62652 279.50354
-302.20659 298.65271
-344.22186 322.59762
-247.26601 275.61900
-262.33114 282.27668
-283.71370 297.51667
-259.44228 270.78486
-326.96687 308.99697
-319.34998 306.82122
-274.57015 294.61164
-279.38699 290.55569
-266.19311 289.86435
-267.81448 288.57156
-299.59563 296.85853
-332.24196 326.73374
-330.34625 315.42144
-339.55462 311.34510
-339.47957 318.27448
-297.79298 293.90733
-315.37876 302.17952
-304.37448 302.91324
-363.28521 327.68918
-310.44746 304.30882
-310.21629 304.11882
-277.70233 293.52609
-306.49040 303.86495
-287.44375 290.29788
-308.54183 304.12897
-362.91281 328.57144
-339.02422 315.92688
-275.80542 289.08050
-342.01958 323.70024
-330.01291 315.35107
-347.97954 320.81116
-273.18104 285.06593
-295.09784 295.92632
-254.49177 282.96019
-282.33202 293.01823
-317.48527 307.38912
-309.93508 305.29584
-319.79726 308.80341
-264.37981 280.45512
-267.01184 290.66741
-318.49832 312.83597
-289.23137 295.35942
-298.67688 302.65756
-302.41858 304.90414
-315.24254 304.40177
-314.09001 306.06572
-302.95759 301.74217
-293.20662 295.57737
-311.28469 307.86933
-300.54505 296.94524
-331.10103 310.30890
-291.81623 295.07045
-307.87240 312.53742
-297.64324 301.51722
-316.66758 302.77889
-322.48822 310.43511
-334.62010 320.40071
-246.38791 270.95523
-333.49888 323.95857
-328.97542 322.58356
-275.33862 283.96786
-247.13393 270.02037
-287.36334 290.19415
-264.59347 285.00748
-285.89657 300.16592
-331.89533 318.68169
-330.91811 316.78379
-359.22412 324.41318
-304.10929 306.70593
-319.32058 306.49661
-254.15134 267.42577
-279.48166 285.80337
-286.95537 293.99598
-370.97276 339.85466
-300.74576 304.11535
-330.11717 319.58528
-347.42769 318.00373
-255.67503 276.19035
-274.60493 292.29661
-288.42068 298.50540
-315.25776 308.89833
-299.82405 299.50901
-302.96257 299.68388
-250.60114 270.13287
-241.27335 270.46187
-283.25110 296.30950
-247.52931 271.79396
-264.76965 284.97942
-272.82149 281.87824
-254.09784 268.88303
-278.29547 292.76470
-324.57205 315.19656
-231.88729 264.95498
-285.11689 288.76397
-313.95066 313.82283
-291.53771 293.47071
-297.89726 301.05879
-287.32516 293.25479
-351.32617 333.26425
-294.48022 300.97494
-332.09491 315.95708
-306.63433 307.73060
-266.68548 279.53016
-323.17111 307.69375
-334.25488 317.56405
-303.70073 303.62195
-335.61007 318.68521
-308.37093 300.96711
-248.75077 277.78405
-288.30294 300.23273
-300.13978 299.09328
-360.35409 337.41633
-312.12501 308.75905
-337.09593 322.10490
-312.14702 305.32508
-327.87315 318.80680
-297.48369 283.96180
-290.63867 294.28411
-293.92680 294.74361
-284.76863 287.52049
-273.44612 288.68357
-274.78546 279.21432
-261.24415 281.76808
-286.23167 290.54988
-332.83184 316.43796
-342.37636 321.73188
-313.34036 296.28958
-295.78237 303.36746
-298.34939 293.35208
-334.24923 322.06802
-284.77142 286.37155
-239.08401 262.73611
-303.92688 300.79729
-278.92357 300.48780
-338.90766 312.38246
-298.96840 300.58686
-315.46434 308.55339
-317.88690 306.68552
-294.93125 299.51668
-300.20707 300.07930
-298.40996 299.50525
-315.09891 303.23815
-280.53649 290.13575
-332.98805 318.43263
-303.49162 299.12358
-333.11395 323.10796
-278.39144 287.94766
-326.10080 312.76236
-326.86177 318.04905
-320.05468 310.88217
-295.67262 295.87062
-302.73086 299.19192
-290.79233 295.62743
-353.71463 327.60949
-332.77792 322.05923
-265.90241 282.61196
-295.88539 303.64537
-312.89242 317.99478
-324.80034 309.32386
-348.91317 314.93049
-287.89281 296.43351
-292.00019 299.64443
-354.56866 326.97873
-302.85053 292.58364
-274.85105 286.89281
-294.64827 304.88133
-287.84330 293.64546
-304.74116 302.91990
-296.89157 296.94823
-281.71987 302.04178
-315.06612 304.91681
-318.10025 304.83719
-274.91101 284.30828
-327.59791 321.53331
-259.50375 277.97671
-302.60426 301.00636
-292.08396 291.14501
-307.74790 301.57869
-349.48521 322.99153
-241.09964 269.20715
-324.57127 304.31722
-247.30460 276.35323
-293.03877 298.64939
-253.69389 270.72831
-325.12107 315.89632
-285.40247 292.57293
-300.89490 302.19646
-269.01104 285.26926
-296.08355 297.57312
-325.12577 313.28234
-331.84976 315.91067
-304.25556 296.27715
-279.36755 281.97250
-310.90825 299.50892
-318.50155 311.73322
-320.55684 305.68195
-283.42763 289.01044
-352.35009 326.01270
-290.64757 291.09855
-337.45244 313.46562
-302.55889 306.97352
-303.82793 297.83484
-302.14008 299.69952
-251.31193 278.29756
-302.59712 309.24306
-298.75321 298.63838
-347.03980 318.24407
-291.08232 287.26982
-297.30199 294.11548
-307.33546 296.06407
-298.54730 299.36944
-272.34287 282.08813
-310.76548 305.73657
-274.33606 287.80071
-280.89342 291.54606
-336.52593 318.37732
-361.62999 331.30632
-257.35524 277.78257
-335.70296 312.47028
-315.54956 311.54290
-301.96404 296.40857
-337.55731 322.86569
-312.85607 299.90284
-330.83464 320.16508
-299.00241 291.57909
-273.70715 291.43124
-296.29947 295.12756
-296.47501 293.61462
-278.76364 289.02123
-309.98856 303.82955
-299.30108 304.99109
-312.47901 308.16961
-287.43317 296.19789
-321.69292 312.73865
-267.96551 286.53650
-271.89603 285.34688
-322.83991 319.38140
-285.51462 299.72753
-274.29618 277.37374
-275.97653 287.59268
-287.71573 302.86242
-334.68715 313.77094
-319.42644 309.34363
-287.97738 301.81094
-269.73482 285.88239
-312.38138 315.38439
-337.25429 323.32701
-292.84512 290.81277
-317.94499 306.38700
-300.20166 301.56170
-314.45947 312.88128
-310.02402 309.82739
-290.98311 292.37669
-303.35878 305.24766
-264.81898 278.26573
-300.25953 301.64382
-319.23269 310.20722
-288.26035 289.56884
-259.07297 278.51977
-316.71753 300.79794
-276.87975 291.15503
-342.53927 315.43692
-268.69245 288.82525
-272.50549 285.38388
-310.77568 308.28642
-307.17677 302.58547
-341.44009 318.47879
-301.65569 305.52186
-326.91121 317.73884
-358.53295 328.20533
-323.73949 310.52775
-293.06967 292.34122
-330.68033 307.70641
-313.13245 305.19875
-347.26967 316.73407
-324.97999 307.18345
-268.65273 290.73407
-338.54013 319.55484
-287.74226 287.54946
-307.65530 310.32425
-254.91816 280.86269
-332.14718 304.57632
-311.12915 301.37289
-292.37227 292.55394
-321.51090 318.37618
-343.19086 320.59014
-321.68144 313.65629
-283.96419 287.77830
-297.48359 298.66762
-321.79145 312.89565
-313.12666 305.17714
-328.42879 312.42292
-309.54925 306.62610
-305.31449 303.45519
-293.71995 295.62736
-300.28810 295.72911
-320.64176 313.06603
-277.81905 282.35871
-330.65119 314.84902
-282.47630 287.72892
-268.03092 283.65441
-326.71815 308.38584
-271.17833 285.01636
-292.68585 289.18169
-318.34114 307.23558
-316.72416 300.16963
-282.76340 300.10937
-296.13248 296.51501
-317.03419 314.74709
-316.81024 308.77105
-302.97719 307.65782
-286.33584 290.56684
-282.03475 294.44831
-271.84115 291.96866
-292.18537 288.87196
-349.63001 323.99651
-291.24158 288.86712
-283.91241 292.68210
-283.25396 289.19626
-293.03642 295.29366
-303.49811 296.86797
-273.45974 290.43558
-279.04425 287.60934
-326.35377 318.60557
-271.24469 281.01861
-297.33878 297.89864
-273.51646 286.13558
-290.28347 295.49222
-325.28001 321.22624
-330.25096 313.16227
-305.59793 298.07409
-300.70388 298.07107
-270.96040 280.55149
-306.95681 298.68606
-307.62596 300.77922
-297.06214 301.52565
-283.22630 285.76644
-293.49795 301.10599
-309.58136 297.45464
-290.19569 294.31675
-327.91822 307.27996
-299.24745 289.03135
-314.45670 304.63073
-287.55918 289.61523
-284.69619 290.88406
-323.28477 307.75163
-311.78242 301.87864
-254.28223 272.83270
-314.57490 308.72963
-321.19540 313.52920
-314.58258 307.67608
-296.69624 299.71971
-329.40692 318.24761
-294.81399 294.39285
-298.55314 303.28926
-323.59232 305.87414
-320.68715 313.18418
