-26.798801 876.66073
-31.213180 864.00303
-30.988474 859.82103
-16.170920 862.67679
-28.798561 852.33245
-28.963223 935.31656
-28.047642 865.82088
-26.343075 817.68643
-33.292816 930.24243
-32.064655 870.57075
47.671973 867.44663
-29.903480 908.70622
-27.809020 873.69918
-14.011838 846.79413
12.794307 873.92150
-32.443796 851.91014
-28.885719 832.67278
-23.761001 908.62999
-31.111876 909.60543
-27.974052 828.07352
-30.620986 859.70787
-32.267065 860.03408
-18.458149 854.03415
-29.167480 857.56738
-31.201875 883.05886
6.0312683 914.44633
-27.744142 844.37380
-29.138511 886.41873
-30.914352 903.77891
-31.256063 868.49854
99.496755 876.52098
-26.414066 839.15560
-22.080905 854.99786
-30.781150 856.49613
-32.905344 878.46776
-29.465227 882.38468
-29.880076 841.24535
-30.074557 836.92095
-30.810446 848.64991
-21.447500 856.84034
-13.040515 928.16376
-30.073798 871.23891
-28.899962 856.90231
-20.040814 905.12602
-30.532695 833.52760
16.967631 863.69117
28.264855 915.98503
72.902246 908.09975
-8.3368653 900.90141
-33.397130 863.67809
-35.944554 908.29918
19.907085 882.59104
15.716841 909.75138
-25.028104 835.13397
-30.069414 914.49552
-23.895269 825.47326
-32.040651 887.98220
-31.040662 883.04667
-8.9308374 884.54517
-32.359893 897.19943
48.863171 839.40888
-30.187282 835.72131
-26.982755 883.13934
14.555757 895.31442
-33.431062 892.65212
-2.3667163 838.24308
-24.925729 833.76192
-30.152711 837.59670
-32.880564 891.57787
-30.993921 871.29355
-16.611356 914.28851
-28.172138 857.19135
-13.774060 839.73491
-32.679558 907.83332
-20.777528 869.99001
6.0336975 883.62363
-23.109507 909.71605
-34.355581 901.55616
-31.928866 862.65850
-9.2922327 908.28116
-30.322842 849.88834
91.100013 890.30890
29.647826 900.80325
-31.297550 865.70272
-27.600767 848.77582
-31.040072 833.53082
-18.329572 892.70610
-28.001260 829.15181
-33.174877 912.43678
-20.115134 888.21805
-32.129753 874.72003
-31.800363 845.38082
-29.291718 901.02661
-13.979445 852.18342
-28.944653 887.72294
-24.096491 883.62973
-28.382733 844.28520
-25.886328 836.12416
-28.892533 838.58558
-32.068055 860.22952
-27.365552 836.96098
-30.365289 812.42563
48.993690 851.08258
-28.325723 866.08663
-5.7306470 893.42664
-33.413440 891.90644
-17.893778 899.28587
-29.599592 829.83259
-32.801967 856.55359
-22.501226 849.98839
-32.358783 895.20576
-31.405424 845.81097
32.709296 884.00375
-29.382489 862.68437
-0.14104375 846.93729
-31.142233 868.67359
-27.104404 860.01693
-26.788540 858.52041
-28.023029 870.22333
68.844032 857.05670
-26.470352 846.72740
-34.174879 915.79622
-19.141217 858.09819
-31.946689 844.97591
9.6453320 921.53205
-22.479733 893.15836
-34.232821 878.79156
-11.378970 853.58428
-29.167194 858.62104
26.141626 897.93764
-7.3826673 893.81438
-28.512070 871.22987
-32.082958 845.01369
-3.4202271 853.29101
-31.428368 867.25763
-33.059606 897.28087
-28.347555 845.68091
0.50032222 845.01741
-34.743430 937.57621
-25.240435 846.86955
-31.518947 912.16809
-25.349387 855.35160
26.974951 906.50888
-30.203189 836.32183
-31.460748 853.13657
-17.840856 856.39586
-29.384955 900.99013
245.65861 861.79294
43.317703 883.13709
-31.166879 895.86592
-30.219026 811.61599
-32.050790 839.11739
12.791892 927.90816
3.5470788 908.45189
-36.451189 979.57169
62.846058 915.54103
-30.610608 921.11967
-31.066559 892.94653
-27.880267 861.63081
45.611095 910.22825
-34.535679 908.97347
63.751334 868.68819
-29.357661 822.14563
-31.433347 870.17645
94.679249 850.22975
-4.7693177 881.12597
-29.366967 888.82623
-3.5775562 897.78468
-25.992158 828.00124
-20.869370 891.27113
-31.037135 844.45544
-31.133346 852.68711
-32.788265 862.63516
-30.269351 836.28375
110.86430 859.93956
-33.138366 887.43429
-31.193141 922.74622
-24.770165 806.25495
-30.508484 851.77392
-30.769594 879.96731
41.612833 885.59083
-33.303888 893.59458
-11.437393 916.37803
-2.6812061 914.72296
-16.291637 829.13673
-6.3789075 890.22317
-3.9906141 880.02766
-31.858387 879.19285
-24.457295 819.75901
79.691859 880.86950
9.0066479 900.26818
-23.835859 879.16804
-27.548984 882.73665
-27.243009 822.93866
-27.973450 878.50122
-3.6177222 839.32020
-31.958569 913.41289
-32.512795 897.66255
-24.505887 896.89520
-15.808629 870.79528
-32.600282 846.76931
-27.522373 867.48958
-32.775212 913.53429
-29.287581 877.52546
-30.554159 924.76075
-24.228682 803.11433
-33.643678 875.01516
32.576628 862.23879
77.542933 879.99254
148.60372 893.83828
-30.005791 887.92389
-26.856195 836.86044
-29.350590 889.23519
-25.820017 848.85033
-32.899641 856.46638
-28.041126 849.93037
-9.6160108 925.89778
-19.303555 830.05191
-26.652990 826.33776
-27.925396 879.59669
-32.254545 885.18231
-27.277455 812.38401
-29.051670 904.09896
-30.397316 837.90764
-26.854904 861.45811
-34.237548 930.00924
-31.547792 901.57473
-30.089138 868.77798
-30.900511 883.23190
-22.164797 878.28204
-29.713916 887.32001
-28.402808 881.38784
-27.785446 867.91831
-29.467811 904.69084
-17.631654 866.35744
-26.214490 844.38505
-4.5320862 833.50200
-27.480315 858.23922
-32.006021 884.46065
-33.930308 900.60204
-29.301355 849.10971
-32.795927 867.53949
-14.383469 870.50453
-28.636234 903.59969
10.156720 868.95600
-20.198700 884.85595
-3.3880481 881.14469
-12.320457 884.17435
-31.864231 861.38753
-24.411357 819.56691
-33.924652 908.87866
-10.455353 924.21655
-27.157959 855.42358
-29.868016 887.31286
32.071299 930.94214
-14.897965 901.37391
32.880137 819.23853
-32.560029 866.24661
-24.885768 873.07995
-34.190281 899.55843
-28.120371 943.51781
-13.478674 897.63759
-17.466864 877.99233
-18.938256 921.61212
-26.526625 842.35310
-30.811405 860.75277
-30.304451 868.25432
-28.110331 876.26219
-30.667369 829.50587
-15.261870 807.67721
-32.991793 859.52129
-29.652407 886.25103
31.607151 963.36050
-33.066267 867.74006
-26.505308 873.02923
-19.495211 917.35625
-31.695138 855.39253
-33.218624 890.81924
-32.904634 871.30886
57.633805 883.80430
-30.632565 865.85489
-25.213641 824.97895
-25.459420 933.51680
-20.656245 871.22961
-32.287401 953.07340
-27.460770 825.86903
-12.370283 838.55500
-22.207551 792.63064
-33.123012 879.57092
-28.794237 859.93058
-27.276285 870.50951
-28.172495 839.25804
-31.542282 865.09385
20.902559 858.54440
-30.787976 836.02543
-27.754006 863.66695
-32.997328 879.00422
-25.140665 810.16722
-26.549939 825.34306
-19.925370 840.26185
-31.195658 876.39891
-29.922200 859.20237
60.287507 870.53146
-29.421539 848.80590
-26.564269 843.71579
-26.761119 856.49049
33.106661 858.38934
21.778170 865.08880
-20.824082 907.55653
-25.862892 878.78069
11.829145 903.46647
-10.631772 879.44085
61.579835 866.86251
2.9480773 826.91313
-27.966520 853.74432
-35.209788 932.37181
-30.053438 807.53909
-25.832981 845.18123
-28.614445 846.71151
35.108096 846.21185
-25.942715 826.38565
-30.081201 872.04355
-26.186774 845.83315
-31.618616 867.82675
27.681035 855.89587
-3.2880799 898.55209
-31.022344 897.49181
-32.937203 887.52828
69.566692 870.84128
-24.580410 868.55655
-31.835857 900.73756
-33.505127 884.97875
-5.6227491 916.90251
-29.018099 904.05474
-33.151603 896.40555
-24.270674 809.77790
78.543928 886.65568
-28.288503 843.71070
-29.102544 851.60338
-31.454467 847.98239
-24.110773 810.36435
62.642268 871.32165
-29.019163 882.14886
-31.445637 866.32468
-32.474021 876.79935
-27.772219 902.45977
-16.841937 873.80292
-30.079478 898.52098
-30.374669 840.96447
13.109678 867.10870
-28.806372 908.94228
24.002793 920.38902
-28.414774 828.02269
-30.699749 847.62721
-12.704518 880.69846
-26.594229 828.65674
22.092134 918.34713
-17.158091 865.62987
-31.434373 840.49208
-0.58974736 895.33655
-2.4151649 831.92733
-31.180992 876.44708
-29.696278 802.36130
-31.012871 851.69904
-25.992091 853.60413
-20.658445 859.32318
-27.510476 836.97701
-30.543702 870.93215
-14.378897 882.83155
-32.488115 859.98136
-27.726569 905.73159
-27.445303 884.27564
25.948163 848.60102
3.3705786 906.14517
95.382505 857.24200
-26.027040 885.68630
-23.969469 941.43571
-31.679620 857.31137
-10.079341 879.35046
22.874565 909.41960
-28.259611 894.07220
-32.827123 867.09215
-29.439993 848.80152
47.610900 895.75491
-7.4187354 902.12972
-17.280708 895.19646
-26.352498 836.26438
-15.141201 899.06119
-34.956314 900.12583
14.584193 851.71178
52.347118 914.10129
-27.310770 886.08617
-10.536100 874.26971
-10.662358 861.74108
-25.967338 821.09623
3.8810619 903.20607
-23.919025 814.39057
-30.382710 882.03684
-18.067000 881.36702
20.157336 916.42607
190.86390 886.37961
-25.637373 867.30525
-25.864214 863.94010
-32.017824 859.97268
1.7417224 836.69280
-32.612029 874.41232
-23.128230 881.93176
-15.799202 876.78386
-31.599342 880.38249
63.547214 844.38907
-30.051404 846.83452
-24.258997 775.14560
-11.248837 859.86929
-16.274348 904.12976
28.900532 875.68849
-29.745481 859.50165
-26.113942 836.25876
-31.667344 844.66371
80.816243 879.63307
57.025157 959.12083
-24.257101 897.64307
-30.779047 845.96127
-33.286090 882.65839
30.919582 870.71322
88.148617 867.71175
-24.895342 824.07975
52.422734 832.15198
-11.680347 882.81977
-24.166126 828.95844
1.1452673 903.95254
-25.351796 863.26877
-17.486679 929.98374
-31.477496 892.53266
36.541511 854.90656
-30.554728 903.92625
-29.459326 864.73378
-30.074801 828.53960
-27.870981 871.73997
15.227688 906.00570
52.343397 866.35636
-17.238727 878.99311
-33.912098 879.87424
0.81672118 886.58814
-22.094316 858.38810
0.50645135 885.57075
-29.479166 846.17430
-32.556853 896.18795
-23.860701 857.32698
-28.903532 854.90545
-27.667163 850.39814
-5.8142798 891.58177
-27.006777 868.49371
-27.342188 867.94540
-30.251704 870.20178
18.187830 820.47353
-26.904659 862.61954
9.9217456 910.50066
5.1760425 881.79841
-32.770004 869.44859
-23.632897 815.20539
7.1160864 889.99126
-28.508403 844.49733
-30.544004 840.29217
-26.654210 833.27257
-30.220830 856.79186
-30.407927 835.79196
-3.5634083 891.43244
72.841852 850.13369
-29.860817 879.28972
20.595268 870.82634
-26.104727 791.78589
