-289.07755 265.87939
-271.61010 257.85654
-284.88505 270.00862
-288.17136 264.88885
-263.86854 260.92977
-333.94668 282.57333
-365.18252 296.41620
-325.28450 286.96201
-344.83810 296.63455
-302.42790 267.55733
-298.87557 275.40235
-298.25792 277.06681
-357.98900 301.67011
-301.86317 275.46449
-369.76570 300.98945
-346.48914 299.10140
-317.45055 283.10417
-333.18123 287.08945
-314.24542 269.71054
-347.31171 292.97634
-329.77785 284.15675
-310.43248 285.36418
-308.06567 274.24194
-304.62030 275.33459
-315.27824 285.56206
-334.04116 300.56708
-289.04821 275.30554
-289.61011 271.83257
-307.05706 268.94898
-308.23451 273.42586
-320.13046 282.99927
-306.84157 275.24513
-283.83558 266.00560
-298.44128 272.46545
-280.79960 263.39553
-261.36405 265.72121
-310.02151 279.36994
-303.45856 270.07797
-285.59316 269.11561
-313.74432 284.33404
-280.03124 259.66074
-289.17598 266.51731
-316.28871 274.01024
-351.82170 299.29405
-277.92073 258.20088
-298.96592 272.54943
-280.14905 269.95535
-290.44015 265.85867
-289.71291 269.67511
-313.30081 280.79504
-316.05394 276.85649
-333.48111 286.33984
-299.40119 273.67446
-320.63935 287.33092
-285.15202 270.89766
-282.56111 261.03608
-292.03238 269.99194
-336.75077 293.29021
-332.63334 290.27727
-295.00453 274.74486
-355.46672 295.19868
-356.27679 290.95636
-317.50081 278.02055
-301.21565 270.97505
-332.12735 292.50698
-352.33717 291.14927
-286.81180 269.38503
-280.28378 265.74146
-359.61625 309.06887
-255.85864 253.57749
-304.61818 279.02384
-325.47206 282.37962
-309.59148 277.23130
-262.63899 254.65395
-338.41590 289.36907
-308.02951 283.24270
-284.91290 272.08841
-261.94232 250.19879
-271.58623 262.30003
-349.89098 294.38107
-286.77102 266.24582
-304.50636 280.01866
-273.25674 264.89291
-276.00746 256.88011
-361.72337 303.95106
-333.76600 288.91136
-312.12449 274.70814
-249.95059 249.74584
-356.20766 296.56366
-295.69201 270.51648
-325.19150 283.85845
-320.19614 285.52110
-344.15014 289.74408
-300.92499 271.39962
-310.60636 282.28691
-314.83038 274.71273
-295.03698 266.37683
-345.09934 289.25365
-347.88197 298.90355
-313.70392 283.10082
-288.02592 267.04411
-285.20005 261.75841
-322.54664 285.83541
-284.34804 266.69877
-299.57185 269.97255
-285.17199 266.24436
-300.34871 273.48637
-308.30313 280.05746
-347.38838 288.85441
-264.40578 261.04386
-299.68695 277.00445
-311.74216 283.67254
-322.81169 282.78306
-266.01333 259.49393
-310.54917 282.46309
-292.70483 266.01172
-250.73973 247.70473
-320.09842 283.68532
-336.84063 293.58050
-328.20330 289.30963
-351.50213 290.07037
-285.21994 268.36859
-314.31773 276.60392
-335.38188 296.14378
-324.67646 286.95632
-303.14133 273.11102
-303.92180 271.66968
-309.59389 280.70072
-276.03056 258.45076
-352.67651 300.68466
-260.27242 256.06140
-324.15184 285.48432
-292.49530 271.77340
-274.87322 262.97837
-300.27951 267.44002
-294.74925 267.83558
-326.08036 285.37185
-313.66188 279.46568
-274.62120 266.16920
-250.15279 252.38840
-314.81308 278.83492
-337.71087 283.43854
-276.44097 254.71805
-306.01994 271.68516
-342.85166 293.96324
-300.71338 271.28774
-353.07146 299.76270
-289.12193 264.80729
-274.44877 269.64168
-316.56484 281.73627
-298.91868 281.94295
-307.74032 286.45957
-295.15123 268.83488
-311.35358 279.42089
-297.06162 267.81759
-303.26809 273.43097
-303.14403 276.93827
-331.04304 291.65678
-323.34482 285.61153
-274.75325 253.97104
-294.99039 270.61831
-308.09042 273.60284
-319.90052 278.65056
-321.04680 290.00386
-341.06177 299.51650
-267.55088 254.72252
-300.70503 275.22917
-299.34119 281.58455
-322.40843 284.31986
-280.84861 259.40023
-354.39085 301.72221
-326.41486 292.07704
-335.26688 287.43386
-297.18688 274.53922
-311.65315 287.04262
-266.65910 259.80327
-289.32766 274.38639
-340.86160 295.16193
-324.30257 287.55405
-287.65441 270.72800
-291.52852 270.10715
-311.18808 278.26168
-254.02419 258.51285
-292.97487 274.71519
-258.92012 255.29060
-304.59302 278.29141
-255.46862 253.96774
-356.54303 303.37738
-281.95652 265.28895
-329.40602 283.86671
-325.32743 288.19841
-309.25218 280.10277
-333.30252 292.44216
-294.56545 271.98170
-313.95754 278.67921
-317.43334 281.28364
-290.54462 265.79415
-271.69852 259.98318
-325.57905 291.24406
-318.83892 282.76282
-271.57577 260.96314
-315.69071 279.66540
-354.77943 290.09569
-319.36086 284.73487
-348.38166 292.65209
-299.67392 271.64215
-271.10103 258.54167
-275.43618 264.92216
-298.43346 272.84635
-308.09263 273.96471
-306.24551 274.77905
-293.69972 276.41295
-292.31533 269.81268
-307.85093 285.36622
-310.75686 279.32770
-299.07016 270.15719
-313.23692 279.64635
-350.89421 299.81343
-260.60159 251.58947
-346.14668 296.71687
-309.79640 274.68785
-303.36392 274.13266
-325.44383 288.16136
-266.16550 256.38030
-291.49565 263.62703
-315.74730 277.63569
-249.84635 249.41421
-351.06963 297.12088
-280.94991 264.93757
-299.44524 278.80357
-331.19180 283.01215
-338.75503 291.71649
-318.42973 284.51130
-302.98014 275.11123
-328.55722 283.49981
-331.83120 290.79608
-309.20447 276.63933
-356.07358 297.16427
-296.48903 270.39854
-301.54796 279.67438
-308.27055 276.13841
-303.32567 268.29140
-278.05439 261.47634
-323.92809 279.99665
-262.88404 263.54033
-324.16462 289.48061
-284.57216 267.83256
-328.01502 278.12005
-283.13788 263.94806
-288.65298 262.87851
-271.97170 254.77960
-293.42997 267.14861
-290.04721 268.34796
-342.42983 299.21991
-340.81269 290.89738
-265.32317 258.14258
-316.59074 287.19634
-257.31172 255.01164
-360.50930 308.15412
-304.19452 273.90582
-300.80577 275.16193
-326.29037 284.64331
-325.14857 279.02464
-335.01278 288.31592
-337.31142 291.04212
-333.73795 290.94936
-347.69491 296.13120
-345.64446 302.05543
-300.91782 275.72618
-340.57365 289.49394
-300.51397 276.22684
-300.58077 274.39631
-335.11232 290.83873
-307.14405 279.54830
-353.82623 300.23270
-315.87408 283.18143
-311.24334 276.35621
-246.00387 247.77893
-320.55668 277.48332
-280.52415 264.26566
-301.34602 272.44023
-296.13765 268.01530
-333.63632 293.19556
-276.88662 263.31220
-278.73363 259.36689
-277.05769 264.67753
-322.72009 287.04831
-326.18577 282.10975
-351.75193 303.37758
-360.07524 294.40071
-279.12058 270.22616
-372.80013 303.05512
-335.10304 285.75069
-328.17896 293.84732
-250.10293 258.77328
-322.48626 283.11539
-319.12675 282.25422
-317.20762 281.51344
-332.74149 290.74343
-320.05719 283.87475
-355.63174 300.68344
-361.82079 301.91294
-320.15895 283.91969
-324.92406 284.08344
-331.64274 287.41045
-281.56975 258.95972
-342.58014 292.88671
-288.09840 270.17330
-274.54392 265.27757
-320.18875 279.44909
-303.78835 272.59503
-320.45335 288.48768
-244.22753 256.70966
-328.99145 288.94555
-310.90629 281.04255
-254.30423 258.19494
-362.32690 300.70483
-274.84147 256.32231
-325.80770 290.33765
-331.39825 288.12875
-355.28331 299.50416
-265.24024 264.34200
-335.23827 290.79569
-308.26276 280.86659
-294.24781 263.58629
-222.92349 230.05023
-312.48717 277.00422
-266.89469 256.14189
-207.49561 229.61333
-337.60035 288.11480
-260.40709 254.33317
-301.46566 268.79395
-306.96301 279.28879
-314.60801 291.95787
-343.54557 285.87187
-267.08490 260.36480
-348.18026 294.78394
-357.29329 302.66230
-271.64005 260.67837
-323.87952 280.63494
-331.55302 286.45759
-276.53951 268.33201
-301.20524 272.71465
-336.33036 293.86843
-357.76077 297.97687
-296.19664 273.08107
-308.59914 286.71710
-291.55484 265.15195
-346.92423 293.36284
-296.14761 274.32895
-283.18123 261.63676
-285.04208 268.25879
-301.70898 278.92392
-310.50446 275.98876
-328.18376 282.89863
-304.71360 277.74232
-283.85821 268.21048
-292.86929 270.62948
-351.67705 298.13904
-284.49427 281.06658
-305.60550 276.85085
-305.56028 279.40560
-344.82972 299.53264
-273.72150 259.94286
-330.10559 283.53948
-313.24138 280.31187
-251.12579 247.76590
-305.37587 276.99076
-311.11499 278.73525
-305.88206 274.61034
-284.51492 263.79553
-254.58674 251.99013
-283.85837 263.80438
-335.19004 292.31715
-272.85859 253.12175
-234.18590 245.69670
-344.20396 292.89601
-287.90853 271.96567
-329.86331 285.56506
-254.55151 250.85098
-363.91509 297.67600
-288.94052 276.69253
-327.88247 285.09794
-335.76350 298.73818
-324.99220 285.91651
-299.89310 267.45217
-297.65747 275.09219
-288.62154 271.71580
-302.99710 278.32126
-309.87935 278.17903
-297.01032 274.35018
-302.53082 279.79935
-294.81842 271.76669
-307.82198 275.92414
-331.39426 294.89413
-350.41095 296.88143
-351.54269 294.97283
-307.26018 274.62769
-308.46588 273.83602
-315.00463 287.27680
-305.57458 273.94372
-316.85997 287.70133
-259.33903 256.92158
-340.95629 290.45859
-249.01240 242.52897
-269.88680 256.32984
-335.52099 289.25473
-292.60875 268.53361
-277.10624 255.26155
-357.35373 296.21844
-224.58690 234.17909
-333.39793 283.28529
-264.16818 256.16238
-317.69112 284.51765
-308.57389 276.44609
-323.94761 282.76393
-313.26274 276.24910
-293.68960 275.11752
-326.82589 286.71219
-322.27918 289.19100
-320.28919 278.11672
-319.76074 285.98960
-350.62684 302.47127
-343.38197 294.50960
-281.50854 272.43911
-317.12861 283.65676
-331.52390 296.60067
-251.64777 252.31679
-304.82016 274.08199
-334.93878 293.01971
-316.55039 287.84029
-325.43643 287.76401
-280.88861 267.28375
-296.22899 270.67533
-341.38342 290.61438
-335.91854 291.42056
-279.18866 262.14899
-294.60260 266.37054
-299.81121 278.52979
-309.67112 279.25594
-317.12628 286.94808
-314.40420 294.70590
-291.24024 273.99068
-314.31893 283.56421
-335.46692 285.37249
-323.35487 285.67787
-327.26234 283.83094
-286.66300 266.20635
-331.50605 287.79787
-347.99047 298.37177
-286.75044 274.26008
-267.17385 256.18097
-368.63439 307.13337
-324.83337 282.73630
-273.96394 263.74238
-282.03983 264.96697
-335.17563 286.85782
-300.88046 276.54932
-331.11219 293.51702
-358.40281 299.18471
-307.74557 279.12259
-338.60169 287.96712
-308.28028 277.29375
-285.12365 267.02888
-308.18215 277.78815
-339.81270 299.30095
-306.32653 279.51233
-320.80511 289.63419
-300.44077 268.94732
-282.41762 262.87772
-328.99948 284.57913
-274.08574 261.60364
-293.83724 273.82544
-300.01769 279.90021
-303.86184 281.33878
-309.51504 278.36752
-323.47109 280.50980
-296.17846 273.21552
-264.82598 255.50403
-278.24544 260.82783
-317.37764 278.35837
-329.26357 290.24442
-323.68739 280.23665
-346.59382 295.82485
-334.95695 291.13740
-297.57260 277.69488
-334.47475 283.57630
-283.96034 266.58119
-266.28886 260.36091
-319.98296 283.15257
-335.16389 293.39335
-293.78911 275.72849
-284.53370 271.01436
-319.85348 281.29471
-296.80987 279.47626
-295.61287 269.00132
-310.07683 279.83882
-304.07343 271.07360
-340.47368 291.72981
-358.56556 303.24617
-270.49060 263.02923
