-303.02036 251.84535
-337.07424 265.89350
-339.71162 267.99882
-297.94643 249.01685
-226.84405 226.99756
-329.63602 268.20278
-262.18501 240.41112
-252.06218 232.97633
-329.06754 261.89660
-353.80945 282.08581
-295.03675 245.84679
-354.52005 262.49880
-384.95499 287.94677
-330.91889 261.28390
-324.26406 258.55582
-333.26970 268.07924
-307.73884 256.74257
-327.44199 265.82586
-297.63330 252.92895
-293.65985 253.31122
-332.80831 264.15021
-353.79708 276.73160
-309.25069 261.06962
-254.19700 235.90471
-315.07144 256.65335
-338.13344 272.60471
-308.17831 250.42709
-324.86533 264.15804
-322.73629 258.65552
-315.26936 260.57988
-312.26443 255.08966
-301.72346 246.65489
-276.13117 237.32704
-304.53045 249.01160
-291.44173 242.59666
-306.83000 252.94566
-322.97069 258.38178
-310.73815 259.21467
-338.18855 265.27418
-309.54334 253.16237
-277.10712 239.36172
-295.13564 248.83826
-357.92538 274.13007
-376.52812 279.01838
-298.69799 248.25772
-309.01700 251.78149
-315.37816 258.07615
-324.21476 266.53700
-278.15061 238.09521
-387.15204 284.70122
-286.98578 247.28820
-294.88432 249.62907
-280.71845 239.68423
-350.45964 269.63746
-317.62093 256.93342
-280.83117 241.66626
-344.18898 266.87260
-306.93883 253.89341
-300.18202 250.40639
-340.07350 267.47008
-313.10570 252.36668
-333.45999 262.38308
-287.50189 245.92035
-308.93290 253.18096
-286.42452 241.62549
-283.29648 244.79616
-313.97809 254.29025
-354.80018 277.56962
-313.09402 259.73712
-330.24706 265.85801
-286.33814 247.53240
-288.42960 237.96841
-346.19646 265.87937
-315.31286 257.84159
-299.10123 253.78418
-301.32541 253.11941
-291.18732 250.14974
-273.01102 239.08208
-360.39806 273.76160
-327.91667 266.96547
-282.58006 243.17298
-326.85425 262.70635
-260.41098 235.66983
-302.61430 251.79918
-262.14243 240.20114
-341.94824 268.49762
-276.70076 243.02949
-300.86277 244.75865
-326.54346 273.30911
-342.67154 263.84130
-291.47359 247.59589
-294.38890 248.90394
-285.35229 240.79544
-342.40989 267.85744
-329.72935 256.98237
-341.17721 268.95142
-312.94489 252.32714
-341.19243 269.30326
-354.65599 274.45805
-335.05902 260.63196
-309.45382 250.18451
-296.28282 253.06769
-298.94570 248.69577
-351.17705 276.04563
-307.45242 247.40533
-356.52569 275.65231
-264.40265 227.09631
-323.64306 264.86072
-248.23448 229.92226
-317.18948 256.89502
-309.24047 259.71793
-330.73454 265.41917
-288.36248 247.06537
-306.70309 258.51901
-318.98595 256.41465
-333.45020 259.22860
-324.63357 256.53550
-315.99679 260.13590
-254.51918 228.32935
-294.67126 258.30752
-288.20684 247.03260
-356.62767 267.52699
-286.30933 242.80194
-299.89229 250.34473
-275.64490 239.29119
-346.49253 275.72270
-292.39014 243.78291
-316.81609 250.91303
-276.61514 242.63977
-287.82128 239.50324
-308.17095 251.92737
-311.51546 255.00734
-248.28338 227.38879
-308.80775 252.14686
-320.44869 252.12189
-287.10383 249.94713
-287.11183 240.14958
-298.37601 248.14767
-314.66081 258.03803
-347.36050 266.98437
-272.63418 239.44446
-314.01829 258.21223
-279.43411 241.44900
-265.08169 236.09344
-294.66966 249.50248
-284.35779 242.97945
-311.76969 249.74215
-332.33556 269.30496
-293.78554 240.13697
-323.70394 260.16098
-350.23579 274.16432
-353.37596 276.41984
-261.29756 239.10613
-311.72181 258.87526
-342.94791 267.81374
-323.88568 257.81875
-307.43241 254.82451
-364.39325 275.22757
-252.70012 234.68696
-339.74624 265.93182
-275.86077 246.77136
-358.06129 274.21529
-324.48590 262.17156
-332.92105 260.94088
-342.60316 279.00945
-327.79718 253.55630
-272.45430 242.03212
-342.09282 263.21024
-319.87174 260.02773
-364.67634 277.58384
-281.61211 239.25400
-341.12322 264.16681
-311.11321 248.79840
-314.84547 261.18928
-344.00993 261.24208
-280.45349 243.23546
-266.28340 236.87626
-308.17586 256.43068
-310.75786 250.55448
-333.86192 262.73412
-262.92205 235.02210
-312.81246 253.55503
-299.64846 245.12207
-317.12420 257.05716
-290.82429 246.47575
-326.88507 256.96875
-322.32291 262.97466
-341.79495 274.53909
-279.60760 245.14631
-329.62022 261.10921
-306.76612 256.68920
-333.26683 261.93754
-314.52041 259.76904
-332.94186 261.17416
-363.89565 280.38050
-320.76011 260.43944
-325.50930 260.58203
-328.97247 264.76373
-270.42148 234.64175
-284.56213 239.57623
-320.45298 262.42943
-354.59421 278.00020
-347.41836 276.31867
-306.20077 254.82574
-288.04849 245.94705
-301.21767 249.40986
-313.08626 249.72489
-279.28106 242.01444
-353.58447 268.04348
-309.94263 250.50390
-317.28386 255.62904
-359.37376 268.15700
-283.08323 247.17497
-326.35943 267.57236
-363.45143 275.30574
-315.19481 254.40702
-296.29758 244.60607
-340.80893 272.47863
-331.12900 262.41696
-374.07166 279.63888
-294.65084 249.77243
-291.82116 248.25561
-305.09370 256.28425
-341.80535 267.99563
-224.66449 216.63281
-337.30819 264.09659
-332.87737 256.87134
-282.53849 238.68348
-301.47354 249.14346
-312.28017 252.93821
-274.61319 242.59386
-354.69054 279.45780
-271.87324 234.48592
-279.90982 248.00698
-288.96749 251.20129
-384.14412 283.48057
-324.49916 261.34498
-351.33144 266.04230
-319.76743 263.39226
-300.93952 251.90825
-318.76186 254.22822
-297.95111 246.48999
-260.14917 232.61297
-320.58595 253.99070
-297.24486 245.29573
-346.03585 272.40915
-312.31853 254.06913
-327.20160 262.94842
-274.13947 241.73284
-293.79472 250.78316
-262.06800 232.36257
-315.53864 255.15248
-282.84595 244.42440
-287.63290 247.58535
-345.77403 262.94547
-338.75854 267.34879
-312.30551 256.31381
-299.54519 245.15597
-295.93705 246.39137
-353.27058 267.54747
-277.19036 240.76911
-366.39567 275.87822
-343.36989 271.71284
-229.59038 227.62763
-335.62296 270.94704
-319.50826 256.01093
-310.67423 254.43462
-309.72824 251.80584
-319.71171 261.52369
-299.90115 257.44308
-272.75722 241.91572
-318.41574 262.55844
-357.30774 266.12890
-261.90552 228.22732
-345.90622 271.01199
-347.67794 272.56534
-308.13652 249.82914
-306.65323 252.91650
-301.77944 252.52332
-295.42968 251.98523
-324.23267 257.89520
-305.65959 247.31904
-298.18554 249.18713
-291.51647 239.51701
-343.00613 264.99689
-345.82553 275.14752
-305.34193 249.78071
-296.64934 253.78336
-371.38875 278.99641
-270.99106 232.42794
-309.84259 258.30563
-347.97985 266.00568
-298.86931 253.19669
-288.87319 247.62225
-272.10160 243.40536
-317.44868 253.09514
-345.23356 273.94103
-283.93171 240.36998
-347.84150 266.61168
-260.47629 229.66424
-344.33884 264.14946
-345.18415 261.59017
-255.27899 235.44580
-304.85179 248.97121
-385.43231 285.25738
-306.39314 249.21735
-317.92146 260.92397
-266.55819 236.26707
-372.34056 276.28386
-371.55999 281.42874
-322.29156 254.81500
-283.22573 238.19202
-277.54696 233.21167
-285.50257 243.04344
-354.51182 263.22944
-295.91189 252.64563
-348.78830 262.88823
-308.53252 246.75483
-346.91627 269.99004
-308.86353 253.74312
-308.98265 248.31618
-328.65295 260.80240
-299.90995 255.47060
-363.06936 267.14145
-302.76064 252.21082
-347.55369 266.51268
-324.08315 259.19831
-296.13828 246.78366
-281.14072 239.99401
-304.20320 260.82487
-286.25268 245.07984
-351.03770 273.46352
-356.01376 267.54702
-297.18551 246.47781
-307.56230 256.55934
-347.52515 265.79086
-312.36947 249.87051
-312.50334 256.91390
-325.31108 260.20890
-324.80467 258.36784
-267.91963 235.99384
-313.98688 249.00631
-314.71966 257.18274
-362.00420 270.69696
-298.88139 253.94341
-312.67626 256.84302
-300.75484 252.79042
-278.07621 242.68248
-361.62509 273.66076
-311.81731 252.27418
-289.58217 244.78742
-314.07736 257.48050
-282.68001 241.33595
-273.56784 244.51184
-367.49365 271.60662
-285.32780 247.34575
-319.69115 253.87089
-323.85135 265.19213
-276.85735 241.51667
-315.15327 258.59948
-324.33648 261.55292
-298.21708 248.66054
-330.94124 258.88536
-310.57347 250.96137
-372.58021 275.29152
-335.70345 270.36664
-280.20941 239.98324
-340.01492 270.78961
-245.18067 224.66655
-337.19075 269.66924
-322.64568 264.69401
-314.13453 259.63012
-289.20226 244.95633
-368.66180 276.41244
-273.55786 239.94125
-261.53511 236.22581
-314.21464 254.80141
-348.91947 268.55190
-278.48052 241.25092
-315.33216 252.66347
-380.15313 284.32989
-280.65600 245.93933
-269.18803 237.72267
-265.24455 237.67002
-278.36302 237.99001
-307.86286 259.88701
-321.36659 253.63462
-312.45856 259.81076
-279.31218 237.53633
-345.28735 268.59375
-360.70537 280.22855
-290.05438 245.25745
-279.06280 237.31928
-237.61962 221.44015
-285.03227 248.58659
-307.52821 256.19755
-300.38897 250.26932
-341.09731 270.64567
-308.52708 250.12853
-315.69842 250.28860
-307.44899 252.61839
-287.27959 239.67997
-337.40615 262.86832
-365.42574 275.29633
-337.49137 269.11486
-298.86120 249.84521
-307.20726 256.95018
-342.08147 267.35001
-336.38378 263.63105
-337.81552 269.11807
-303.96771 249.53470
-298.81743 249.62648
-348.93488 267.17864
-313.85492 254.96976
-286.61983 241.66630
-317.74613 254.80892
-273.78371 244.18958
-319.74524 261.65499
-333.09088 268.10745
-295.68023 246.70483
-291.92856 244.90216
-327.15429 252.10544
-346.86131 274.59251
-254.47636 224.22566
-365.44432 270.91932
-328.99897 261.28575
-320.85322 253.89723
-326.78351 263.36077
-270.97037 235.04009
-341.67845 269.54729
-261.35654 235.25765
-336.65865 270.27833
-361.46845 282.78825
-340.18530 266.53482
-285.68026 244.48916
-290.16969 245.17552
-304.22893 249.90073
-334.97671 270.94409
-346.62493 264.29395
-345.43364 276.44395
-327.01838 262.21410
-336.73130 267.71755
-293.94305 249.94037
-306.27449 254.18443
-354.61026 272.34652
-360.87650 271.65945
-302.56058 250.69900
-323.97145 257.07304
-283.65833 243.39727
-292.33178 247.56772
-276.69121 235.47284
-265.25222 238.98344
-298.54503 245.35734
-302.26321 252.17599
-324.71428 261.77729
-302.25417 256.90711
-302.23919 250.15817
-294.92897 251.50984
-279.59976 237.06084
-335.54203 265.86571
-356.16360 268.09469
-293.08097 247.89729
-335.57085 266.24232
-313.51564 246.44511
-273.03880 239.98817
-268.59995 233.66844
-342.64711 272.09312
-297.08944 253.17349
-296.84846 251.19960
-265.87434 245.20738
-351.29154 270.45790
-321.93719 250.12927
-330.05830 259.81746
-263.12391 229.88280
-299.54157 256.01576
-315.88067 259.56757
-277.50233 247.28148
-332.85795 261.75841
-297.51332 247.38887
-289.94989 245.75371
-328.85798 260.97261
-303.18019 247.36452
-257.15965 230.60237
-261.02284 232.92838
-350.70589 274.45695
-260.39871 234.15622
-308.88646 256.52507
-354.88938 275.29638
-306.77140 253.57033
-269.59924 243.06689
-305.70371 252.22283
-296.25203 239.18126
-355.45666 267.19324
-317.93339 261.60597
-346.93549 268.88305
-332.37773 262.06727
-356.69245 268.24721
-306.12611 250.60955
-278.42790 241.34199
-329.18937 267.29637
-272.17400 235.92032
