-316.36291 236.53250
-304.50216 230.72125
-360.63774 250.82243
-325.05278 238.62190
-318.57992 234.37479
-265.20527 214.92503
-342.38525 242.83039
-351.89243 247.61776
-293.38430 224.86384
-346.91510 242.00870
-355.58985 250.13659
-293.72763 220.50418
-289.63818 224.10730
-305.99930 231.03454
-280.09988 227.46560
-277.35222 225.29826
-323.05387 240.82237
-350.90127 250.16134
-302.08704 227.71221
-328.56197 237.16642
-244.10856 209.52904
-308.93390 231.60427
-364.78904 257.28218
-345.34352 243.74555
-329.36238 233.41404
-317.85614 237.25427
-301.23850 224.40817
-358.50532 241.98076
-306.66160 231.53469
-297.30010 224.01303
-323.88982 237.78706
-341.30430 242.23916
-351.98592 247.31828
-380.42376 254.23520
-340.16997 239.42686
-309.80046 233.82404
-300.66627 225.29207
-303.64144 230.21298
-373.77264 247.06790
-281.91401 222.26469
-362.04786 249.54765
-291.54627 216.78945
-337.18603 242.01712
-344.10165 242.46279
-308.89054 231.39980
-287.75226 224.24709
-301.10520 227.07494
-368.08787 256.83516
-306.90271 230.35049
-383.68974 263.27611
-336.88271 237.63462
-351.93031 244.21459
-368.39177 254.91361
-332.06879 236.82161
-342.32207 244.65747
-389.59923 263.24620
-367.95674 252.14116
-378.82659 253.87577
-346.86973 245.32582
-305.25723 225.61340
-266.12095 217.26506
-358.64361 251.18146
-357.73060 253.23360
-273.69384 221.55744
-329.68448 238.11367
-329.76764 238.27417
-299.50646 227.30261
-275.32212 218.24834
-282.56331 217.46754
-320.23080 230.72867
-339.52199 244.68174
-374.92773 255.23239
-332.50490 237.24910
-258.33099 209.49755
-346.73402 251.10970
-357.22142 248.91865
-341.98889 238.91039
-340.63660 240.07287
-288.44162 222.18899
-327.61711 236.99272
-331.78769 238.71496
-360.56642 243.49599
-308.68417 230.05325
-299.85525 234.45779
-230.82667 198.33083
-322.91316 246.23014
-294.26738 224.07899
-283.41241 224.62179
-294.40869 222.04882
-332.42450 237.92086
-332.21072 239.30713
-373.99752 256.33259
-316.77034 231.76375
-348.38568 235.92321
-318.25076 230.25241
-313.92922 232.59403
-295.57210 226.34510
-334.14629 238.34217
-305.77317 234.19277
-307.69464 232.99817
-323.21078 234.34802
-298.92158 228.17458
-385.39137 260.80800
-324.81888 235.67819
-347.04658 240.39402
-276.23332 214.10890
-332.28709 240.55541
-296.97109 229.58979
-292.14887 225.12237
-338.53154 241.18247
-294.28430 225.52905
-319.90242 238.34620
-265.56640 214.23456
-297.19413 224.89797
-343.24719 240.49243
-306.16841 231.87266
-325.39023 227.84967
-295.80759 227.76703
-300.37730 222.94053
-286.09091 221.82384
-304.23350 227.06310
-306.12887 226.34790
-279.28201 215.89593
-340.33518 238.42259
-324.96167 237.92306
-305.89654 231.04367
-322.27089 230.31617
-331.32558 238.45393
-281.05343 214.44903
-362.39271 249.43465
-315.83110 233.37800
-229.76632 199.62674
-369.85682 255.28395
-320.07120 229.83120
-325.23033 237.52952
-309.57686 225.05085
-337.43451 245.02505
-285.66777 223.39814
-384.31710 262.81702
-282.65975 217.57185
-320.57594 228.49440
-307.63640 227.94954
-257.41984 208.27266
-314.50493 234.42362
-342.79302 242.44040
-308.50529 226.81395
-347.12757 246.14037
-340.80700 247.72217
-335.21173 234.83480
-375.84121 256.51785
-337.71529 236.84903
-406.40323 260.04949
-336.85586 238.51355
-311.00885 234.79587
-337.36357 237.36296
-337.78898 243.21691
-346.39368 248.02886
-256.28412 209.12421
-324.61379 234.68116
-300.00672 224.78634
-310.74558 234.67901
-292.15265 225.03805
-294.46625 226.83364
-337.89598 240.33742
-318.96325 233.60879
-303.09042 226.41406
-364.83439 251.77068
-260.99240 210.17810
-367.57333 256.98773
-273.38043 218.65717
-367.38982 257.62852
-311.10021 233.67399
-285.12427 220.22809
-254.27784 202.81017
-283.22404 222.14842
-351.48393 240.58696
-295.88191 223.48232
-271.61094 218.76406
-288.01487 219.46153
-335.80838 234.62350
-284.99013 222.52213
-331.07032 240.25747
-307.25473 230.58767
-361.09161 247.86688
-333.80767 244.03928
-391.90308 263.41390
-332.63829 233.53007
-344.21762 238.67157
-338.59397 246.00569
-303.48065 230.36212
-329.46839 234.79692
-295.63511 229.74389
-321.89666 234.67551
-300.99912 225.93126
-310.61194 225.45791
-323.76156 239.23083
-266.61707 221.11099
-310.85634 237.08088
-329.30135 238.92753
-343.16825 244.38063
-338.60568 243.29663
-314.58981 238.57150
-277.20491 222.46357
-338.49467 246.67079
-306.71134 231.36498
-340.57488 240.45493
-304.12556 227.36647
-316.14319 230.55065
-283.69998 218.75838
-387.28506 256.08976
-295.67273 228.41363
-387.73855 256.39139
-340.25398 237.53483
-299.07183 225.98368
-339.19959 244.03908
-340.74452 247.24433
-305.04651 233.52740
-338.67771 234.58336
-347.92885 242.59510
-291.74201 220.89058
-334.15781 235.94332
-327.05361 237.15588
-286.77075 213.67150
-341.64586 236.55344
-354.92455 240.60841
-307.52318 233.73149
-285.33813 213.85782
-310.26830 230.81097
-326.83867 246.35823
-337.08095 236.05375
-354.23537 241.75825
-273.30550 216.31849
-344.11885 243.12766
-356.95264 260.36474
-356.37735 244.11798
-349.74685 246.10590
-352.17757 243.37507
-344.54025 244.33420
-267.53570 216.08408
-376.69277 266.39457
-266.04921 216.46268
-360.21256 248.08544
-321.16369 234.11524
-349.32241 244.98953
-337.98663 241.40729
-298.64151 228.96676
-323.03150 238.60365
-346.75951 241.19287
-350.78099 244.72673
-284.87107 220.07973
-276.24939 222.95425
-375.80061 252.62837
-311.71476 236.14082
-330.61854 245.89546
-340.28697 243.05430
-361.48234 251.14571
-307.22746 227.94935
-292.12118 221.52383
-376.85860 258.51429
-352.43821 241.29433
-353.68184 241.37870
-348.99824 243.49495
-358.90109 244.63220
-377.33885 254.89549
-323.71167 233.73852
-346.89812 239.32658
-329.52992 239.06154
-294.17990 228.23794
-378.77034 255.42155
-267.66573 218.76582
-307.52496 233.64581
-297.60629 226.21917
-303.33019 221.51627
-290.02252 226.42184
-333.04690 235.39380
-335.87602 247.66209
-349.69828 245.39687
-379.57838 254.58137
-271.23411 220.98143
-317.07213 231.89625
-233.42541 203.10386
-232.23234 195.48128
-246.36972 212.18283
-260.33514 214.08459
-288.45818 229.75794
-366.37306 251.53285
-270.79738 215.85087
-303.16287 224.84805
-327.42372 240.72108
-305.22400 230.50222
-309.48506 235.08498
-308.59013 231.10805
-317.22012 227.26187
-330.04763 239.51971
-360.62317 252.54070
-305.20430 225.83829
-353.46416 247.83164
-315.84705 235.34761
-272.31453 222.40690
-308.31306 229.69844
-299.12361 227.16636
-307.87986 228.07277
-367.80741 251.60073
-344.50797 246.27135
-359.90772 246.30389
-297.50153 227.85158
-364.27792 248.56704
-340.34352 243.72233
-353.20642 248.90039
-293.42169 220.46771
-319.04580 236.83664
-333.39334 233.23935
-259.00027 211.16938
-276.82829 218.93547
-241.47250 200.81408
-281.39006 220.89115
-285.08803 215.63646
-320.38596 229.03798
-351.57715 250.36907
-365.21492 250.00672
-273.03039 216.40042
-300.39982 229.22801
-281.22758 218.27413
-386.52557 256.16763
-354.79562 254.00302
-276.20691 218.86526
-311.85992 225.76126
-289.64906 225.70015
-319.51329 235.39527
-330.54958 238.53342
-354.38683 243.05711
-245.59678 210.08568
-276.39845 221.52370
-236.17776 204.34226
-279.51675 219.06780
-291.20401 222.61026
-298.39741 227.01289
-333.72639 239.15416
-357.16052 253.04040
-300.78270 226.12485
-264.84055 212.59377
-334.99085 244.57698
-337.56319 243.37324
-258.36810 218.57608
-359.35026 245.28734
-317.89037 240.61558
-334.64497 250.04551
-316.99307 231.41226
-291.70113 224.26126
-271.28928 213.77862
-275.65723 216.69818
-300.58497 220.61391
-342.23799 245.77219
-294.97007 228.08473
-328.85191 238.83302
-348.99652 239.65887
-300.04099 227.15685
-334.80392 238.46994
-315.50667 227.50339
-261.10052 217.74726
-264.39696 209.85087
-279.82613 217.83716
-393.38929 258.66365
-317.59397 235.31228
-366.97754 256.69860
-307.08674 225.72069
-273.38556 220.61303
-231.50062 200.97405
-321.19543 239.74564
-351.95103 244.55015
-316.42441 245.38662
-301.06719 230.04477
-384.76419 258.70815
-292.91614 224.86062
-357.33785 243.50059
-341.12904 232.98607
-322.25504 234.31157
-352.62253 249.88387
-316.35146 240.60200
-346.12870 247.86162
-332.80919 236.83878
-261.38031 215.35388
-371.77843 253.58347
-302.62478 226.97229
-395.99952 255.68065
-380.86725 257.43496
-322.73874 240.53005
-321.30752 238.05789
-272.36201 213.15943
-315.16794 230.84328
-346.35965 244.66613
-310.69721 230.69204
-351.97429 248.78135
-350.63932 241.53298
-364.81152 252.65933
-321.96010 238.72813
-325.28874 233.53886
-338.38929 241.83546
-371.14708 250.29762
-219.31307 198.94236
-315.14125 231.11415
-302.10060 225.77064
-311.29727 233.18426
-275.34424 210.13381
-289.51219 227.33375
-323.96544 236.21052
-314.18384 235.25057
-295.69805 228.54074
-339.37608 242.43651
-263.84394 210.79683
-326.24469 241.60845
-274.57738 214.26325
-334.29696 246.64185
-324.42403 233.52927
-255.69553 212.38018
-303.30822 230.60734
-288.34172 221.38118
-347.56603 241.95060
-309.50547 233.97597
-230.76863 201.07740
-359.41466 248.44227
-323.42383 232.28927
-358.52745 247.39686
-331.09177 234.87139
-302.75242 227.26549
-349.10955 240.71036
-299.48154 227.78085
-318.11386 234.73980
-281.80158 221.07106
-321.41028 236.12554
-286.70398 219.61587
-329.29401 237.34734
-284.30110 222.27400
-299.17841 218.40841
-381.62508 252.07404
-323.88024 233.45825
-305.17040 226.15666
-332.80907 240.63618
-344.79681 248.35999
-303.46351 228.02568
-254.26044 208.30187
-363.81194 248.61698
-383.92298 253.31237
-321.49637 237.43901
-296.34206 223.88755
-350.38791 241.88485
-278.05425 216.16383
-346.05004 237.65348
-344.20196 237.28704
-322.77140 237.32982
-334.63187 239.05971
-324.48030 240.42155
-339.65494 241.99767
-331.03580 236.29675
-293.74229 224.36785
-314.26309 229.17394
-320.46148 235.41418
-356.51134 255.27223
-305.25228 235.04739
-287.87863 218.60681
-366.22403 250.60879
-347.20995 247.59674
-360.83681 251.48911
-376.36291 255.02972
-318.55266 235.83882
-278.21631 220.36725
-319.79043 229.03376
-324.21654 239.97670
-324.24684 233.78566
-350.29364 252.56222
-277.60664 219.73531
-284.71414 216.07828
-343.53513 239.61504
-335.96427 239.24138
-293.81587 233.64464
-305.60284 228.83359
-335.11183 238.53825
-344.41795 245.55382
-305.44284 223.75396
-301.41565 225.29220
-372.19170 251.61060
-364.82535 256.94015
-314.81277 236.43020
-312.40587 234.12247
-326.75709 235.49211
-338.22670 239.36842
-314.99051 224.53619
-331.01602 240.92053
-290.95407 222.29101
-325.85463 235.17255
-319.76128 229.26072
-318.24302 234.47645
-291.03320 223.80609
-295.65992 227.80776
-346.41778 247.15472
-389.31888 261.56521
-339.74581 240.96757
-328.79085 238.84803
