-356.87853 220.90521
-400.29398 236.02407
-244.60871 185.19719
-312.85693 201.11746
-356.43547 222.36705
-348.41543 222.66590
-259.83766 198.21156
-333.28003 210.94869
-336.00595 211.68844
-306.41461 209.84963
-263.77302 193.49602
-304.80822 205.10904
-264.90232 190.89033
-390.71350 233.49642
-364.89377 225.99953
-357.11783 222.64648
-291.45824 204.12558
-260.21905 193.45440
-345.89462 223.93917
-327.46636 218.91669
-338.99923 216.76041
-306.22462 200.45769
-307.26957 209.06670
-283.89182 196.46996
-332.17689 218.27715
-345.46344 218.38043
-298.08978 203.19800
-410.46914 245.87167
-310.75614 206.95830
-322.14843 214.94217
-377.43195 233.99974
-358.86350 224.54369
-310.50474 207.08946
-321.76924 207.12968
-326.44456 213.01362
-322.11015 212.07060
-368.94271 231.15513
-330.17274 214.61567
-385.54275 228.37012
-268.45242 191.32611
-294.11899 198.25530
-313.82838 207.41689
-366.18807 224.36478
-344.76666 218.85974
-300.76884 206.96074
-348.38728 219.71159
-325.28602 208.01683
-299.60244 200.58722
-382.50037 227.81939
-331.23923 207.16827
-333.13940 215.04184
-263.92530 189.85711
-350.50302 215.20647
-326.00129 214.77116
-363.24995 224.78035
-314.00542 209.19819
-339.79395 220.81047
-335.64618 220.84149
-377.01780 228.59304
-356.63000 225.60175
-363.62925 225.88268
-342.69511 220.93410
-376.68973 229.10391
-340.21141 225.17207
-300.94936 212.01823
-274.23748 195.23444
-372.60731 225.05589
-309.40842 206.67876
-346.00743 216.95268
-331.54568 216.50189
-305.88870 206.98114
-314.39623 210.57013
-370.93402 222.72580
-361.11806 219.97693
-360.94336 224.37594
-302.00262 207.78299
-309.80479 212.78966
-317.98979 214.78984
-314.64324 210.51423
-280.49962 200.52104
-279.01494 198.41941
-307.21123 206.56663
-302.07249 208.02241
-323.87676 210.84509
-298.48714 204.90272
-316.66784 209.43329
-352.12794 219.66804
-330.48398 211.01046
-298.52856 199.52231
-338.60122 216.75567
-363.46785 225.20762
-361.78766 222.48370
-286.57724 201.67868
-322.02375 211.28542
-359.45586 221.31101
-350.00516 221.18814
-312.06888 208.58434
-326.36879 211.30192
-319.09997 212.39472
-312.05813 211.42725
-320.87612 213.56381
-329.40443 212.45283
-264.13453 187.87148
-290.88237 196.93601
-341.93055 216.57839
-292.85142 204.88344
-311.84662 210.45819
-252.72851 189.77615
-334.20612 209.15502
-329.91032 225.38298
-337.66367 215.93475
-294.88759 204.63032
-384.89156 232.84107
-354.79005 226.11851
-345.60902 222.83278
-378.86994 231.61766
-303.35150 210.24850
-306.29335 209.00309
-327.23548 208.68703
-353.98718 221.65225
-247.33043 184.12214
-324.99621 221.67698
-278.07029 200.12160
-285.03173 197.92344
-368.22306 225.47485
-280.39829 194.79095
-340.29056 214.98934
-256.45033 186.80760
-310.27623 205.63847
-296.66162 203.76297
-318.69878 206.72428
-341.70174 216.89833
-301.37393 203.62311
-332.83942 215.60479
-352.81761 217.97816
-361.46525 222.53480
-346.43291 223.20987
-293.66282 204.72582
-354.19486 222.31896
-303.58058 204.73573
-358.39959 227.58493
-334.13436 215.90775
-341.03239 221.26036
-357.08705 222.47233
-372.40435 230.01969
-301.26240 201.57548
-263.64973 193.77385
-375.88925 226.22604
-324.09950 212.22728
-297.79199 206.79812
-277.71307 200.73145
-316.16119 214.39508
-256.69119 182.61813
-302.39121 207.37291
-296.14043 203.69819
-337.25808 217.37909
-362.75687 230.69693
-333.56057 210.10199
-385.97401 234.26836
-275.01418 207.76960
-294.14637 198.88042
-293.77437 200.11591
-342.65625 220.05691
-348.33771 219.39843
-351.07644 222.49237
-323.63502 205.89830
-339.48144 213.98081
-205.37380 175.47953
-341.11183 213.85700
-375.19062 225.18032
-340.85732 223.59458
-317.38070 210.14822
-343.60504 223.26495
-317.16399 216.28690
-325.08556 212.75367
-320.83552 207.66395
-333.36885 210.75120
-336.24536 214.51422
-306.85711 207.46704
-343.64599 218.71048
-323.66413 211.49852
-314.07858 210.45471
-306.71142 209.66974
-367.78416 227.39330
-335.46215 216.92365
-352.90674 221.95092
-256.00449 190.26409
-321.08850 208.32043
-305.74695 208.42293
-341.99248 218.36787
-330.21871 213.59397
-334.83599 213.56287
-302.02036 209.89098
-313.05909 210.04893
-316.79666 209.05724
-308.46577 214.83776
-300.61411 202.03851
-308.03714 206.71032
-292.48168 201.87363
-308.83942 205.08739
-334.08479 217.93522
-267.85774 197.85490
-320.46186 209.33999
-379.54228 229.07207
-346.64519 213.36119
-326.25593 213.76485
-322.65908 215.21668
-266.07524 198.22413
-344.86092 217.37189
-361.06498 225.44142
-364.61054 227.70986
-368.71363 221.30877
-346.39858 217.18662
-356.13176 226.95619
-324.77716 212.63039
-379.29374 231.01470
-241.88720 190.77057
-327.35075 215.59783
-335.80405 221.00900
-316.67168 211.49186
-258.75666 192.94167
-302.28811 207.47168
-270.04787 195.47779
-296.78856 203.59385
-349.75862 219.60731
-309.07236 206.47963
-341.82595 218.35108
-340.33388 211.77384
-343.88951 216.67784
-298.75040 206.97969
-358.75322 222.86204
-344.64530 224.62292
-349.24877 220.68369
-266.87772 192.35827
-315.07736 207.56353
-342.24862 218.41462
-263.90344 194.10485
-300.67413 205.12994
-292.91156 207.58371
-356.91943 222.05737
-309.02209 207.13024
-313.14296 202.27611
-316.33974 205.47306
-276.63728 202.99549
-344.54816 221.31866
-327.73416 215.51525
-366.43126 226.23616
-331.33643 211.55709
-276.98334 201.70620
-268.29909 193.28352
-256.07886 189.40914
-354.47750 223.63419
-341.15082 214.97768
-375.39341 224.88686
-314.37013 208.30424
-343.02484 224.40207
-256.89588 187.32036
-349.06623 220.88817
-298.36115 205.60696
-274.68470 197.95632
-350.04216 226.52961
-381.65518 233.27402
-357.58193 215.94492
-262.20197 195.63448
-215.78543 175.77184
-277.74123 195.63630
-343.53149 221.36509
-341.66562 219.45082
-319.20471 213.22692
-296.33456 205.84818
-299.98256 210.32365
-345.70115 216.66478
-342.53011 214.03797
-336.27548 214.96136
-334.79140 218.45820
-326.64742 215.89719
-300.69171 204.10232
-360.33353 225.98721
-344.74978 215.42456
-334.17088 211.70506
-298.88751 205.81671
-309.40374 210.62088
-273.66685 194.86412
-318.34100 214.33835
-294.53271 202.28501
-314.56931 208.38579
-316.47666 209.15807
-336.49558 213.77077
-270.47884 191.41458
-352.84274 220.48760
-297.78777 201.79984
-380.11573 232.35860
-347.71945 221.95447
-323.45593 213.66519
-315.08205 215.07133
-294.11893 202.00618
-263.83527 195.38427
-304.15131 210.10872
-361.98863 221.71785
-315.20734 211.36522
-284.00534 197.63196
-349.74629 220.46363
-346.21707 217.38882
-267.58044 193.23456
-273.53923 201.15876
-318.68757 210.79997
-361.65796 225.13253
-356.46145 211.04590
-343.65071 217.48479
-308.68654 208.91099
-309.67258 206.83400
-298.38182 197.09395
-358.41768 225.46998
-306.14107 206.50922
-296.23493 205.07832
-372.66550 226.22170
-333.40833 214.08923
-311.19999 218.95119
-328.95720 213.55873
-332.66447 214.16172
-368.85945 225.23283
-342.12620 220.80104
-344.75320 216.21133
-281.97821 199.98647
-374.76739 230.77231
-320.44532 210.41985
-281.90635 196.27086
-341.03112 227.12592
-328.83317 212.37977
-373.20946 226.42466
-306.19543 211.70227
-314.50719 212.87082
-313.85607 212.39918
-296.76013 201.95861
-314.07697 208.54107
-325.99425 210.81690
-320.29419 215.28689
-344.45899 216.85634
-308.90691 206.16246
-315.22307 213.59873
-322.28291 209.73543
-330.05073 217.16927
-300.67071 205.76620
-314.02574 211.00928
-263.53501 193.59466
-332.05242 212.51123
-318.92589 210.26950
-313.84956 210.91951
-293.90566 194.64347
-312.19383 208.69279
-323.32264 214.19463
-301.58177 199.22376
-348.26663 220.00388
-280.92492 204.39297
-362.62153 221.38969
-253.21555 191.71563
-329.49252 206.13919
-327.37331 213.09934
-309.44096 207.72780
-373.46530 228.30181
-374.37692 229.31116
-344.80868 223.21320
-365.94972 229.10062
-326.20123 206.99249
-297.39716 202.17352
-269.28566 196.62825
-324.55609 209.15405
-285.55668 197.06203
-371.02681 236.73777
-277.55082 203.23076
-298.51517 203.52990
-323.11686 208.85396
-369.53156 225.05977
-293.71641 205.43541
-284.09336 204.17913
-320.83448 209.25548
-301.70931 203.54652
-391.42415 238.16266
-219.62476 177.13570
-274.95549 200.69294
-323.15477 215.68083
-366.11381 228.81917
-380.25592 226.45395
-308.02402 212.57220
-339.47287 218.38586
-313.85258 208.96852
-327.04724 213.41781
-385.92949 231.10792
-286.18576 202.84338
-282.63330 198.08401
-304.31750 201.43305
-361.80390 230.79378
-358.52437 216.32154
-398.65946 235.95324
-352.22239 222.78542
-265.70696 195.34400
-365.10239 223.33102
-342.69214 217.28121
-374.00152 223.80240
-343.07934 217.47464
-380.10167 227.85652
-297.58902 205.45733
-294.34431 207.60863
-249.00922 187.18493
-363.64201 224.98130
-313.41079 208.55182
-313.11272 209.94541
-344.77310 220.76269
-264.17517 191.91097
-261.17526 191.17416
-349.69676 220.15282
-339.61581 217.06763
-343.66175 221.94955
-399.18317 233.37154
-339.43935 221.63444
-277.41763 191.45807
-394.43316 240.72379
-309.11486 206.31247
-290.17869 204.58735
-357.39015 222.29283
-270.40985 198.12549
-397.61734 232.89672
-351.12570 221.70154
-282.48503 201.60847
-298.82646 201.81635
-296.82249 204.49678
-312.79727 207.50546
-323.60829 215.13911
-344.71131 213.41750
-334.20432 213.35433
-370.91191 225.55366
-330.93951 221.92681
-389.71343 233.55118
-365.62093 225.26572
-354.70929 227.36355
-373.01863 231.52793
-290.51998 201.45401
-329.09436 214.64046
-372.23649 227.78948
-328.60696 213.21621
-339.31581 220.91450
-382.75865 229.11134
-320.91292 213.38727
-339.77626 218.72996
-297.78238 208.89281
-344.34670 219.59812
-317.60698 211.73899
-296.98571 204.40723
-279.50752 205.20931
-340.87272 215.03438
-319.10121 209.26460
-272.14168 197.89609
-285.45163 201.36288
-312.17550 213.49653
-327.16665 213.84576
-321.42565 213.82593
-368.42722 223.94830
-346.97056 217.79995
-326.68784 213.81731
-206.85497 176.48151
-349.98616 222.02772
-338.84302 215.54024
-340.72219 219.52442
-297.54098 202.53241
-345.59481 221.49567
-355.97786 220.77775
-303.29171 201.06516
-343.34310 215.89456
-349.24532 217.50824
-333.40542 213.68756
-284.17775 204.21415
-306.42990 209.26937
-308.34756 209.62561
-342.06862 225.06836
-338.25785 217.75866
-336.56620 220.56984
-339.71727 220.12178
-354.21128 220.75328
-343.04435 214.60201
-280.75360 203.59731
-325.12055 214.78576
-324.50124 208.09986
-311.84434 209.20083
-254.90036 193.42510
-344.06523 229.09589
-298.18172 202.22568
-340.97086 218.20696
-326.14879 212.74045
-354.86251 227.72260
-325.84829 214.33627
-293.49918 205.15157
