-337.86766 192.21571
-280.46905 175.38541
-234.81581 170.75743
-335.60853 195.73247
-258.08251 173.69873
-337.82033 195.97004
-335.42604 200.80387
-293.83023 178.78836
-323.68609 190.39490
-301.37567 182.98229
-289.19730 184.56911
-333.11788 192.71711
-353.88262 198.82264
-360.95170 205.60069
-319.56027 190.20416
-296.88104 181.33901
-312.83744 183.20071
-320.54722 188.97273
-347.33058 195.08171
-305.40133 186.29632
-367.31005 197.47373
-301.43599 188.02396
-341.55325 190.16009
-318.06408 186.34229
-278.76391 176.03244
-258.29483 171.73299
-355.61383 197.79433
-356.12184 201.12422
-278.62077 180.68840
-368.05144 200.85566
-340.83860 193.15306
-328.49320 185.58418
-255.95065 170.43649
-371.00645 202.26885
-315.21054 186.82449
-372.80222 205.88506
-303.63544 185.40048
-302.53842 183.60144
-312.79390 184.34672
-298.16632 186.19784
-241.14462 172.07080
-339.37282 192.03681
-347.89898 204.31494
-332.05716 189.73889
-354.21547 195.90266
-244.31153 159.17100
-256.25278 176.71419
-315.26839 191.43128
-263.71995 174.38804
-301.28653 178.89099
-284.51598 176.86744
-258.30732 169.54482
-308.57939 188.73826
-372.76843 210.60098
-268.39260 170.97824
-322.18662 193.16689
-328.67472 187.90370
-376.75684 205.94399
-344.13126 195.71057
-357.54425 201.46789
-336.90775 197.93111
-325.99419 191.33817
-295.96154 178.53796
-298.14571 185.75611
-323.09986 187.73802
-368.86886 196.04205
-350.75476 199.18115
-268.48454 175.31243
-343.96193 195.84623
-322.61385 192.91682
-320.28685 186.56291
-324.16201 193.55884
-230.81850 161.22467
-397.75379 208.72371
-368.88237 200.44065
-322.70876 192.77695
-233.19777 165.04734
-208.88563 154.85298
-307.63352 188.40838
-293.83642 187.88678
-250.61834 166.65088
-316.71659 188.66072
-333.45341 192.80690
-359.09279 202.15629
-298.55382 184.80210
-281.41059 172.91313
-368.32946 202.62463
-307.53123 185.87087
-305.58065 185.87427
-267.14122 178.65473
-401.04141 212.32498
-253.00371 169.54413
-338.99716 188.22058
-390.15359 209.45325
-274.45721 174.93558
-395.08905 209.25839
-272.55909 179.52257
-284.86597 177.96633
-265.03608 173.90245
-297.03136 181.36392
-296.67946 186.15159
-374.47252 210.58622
-319.28938 185.94911
-271.63576 177.59797
-204.15289 157.69763
-336.97532 194.08834
-356.58675 200.26014
-331.18635 190.88130
-282.78832 178.49890
-344.05544 191.55393
-323.88800 189.31720
-288.42811 181.41682
-350.96748 202.74037
-313.98885 192.14527
-283.32349 184.44408
-365.24918 201.62536
-356.67821 198.65101
-291.76511 180.89718
-329.45363 188.56364
-319.24213 193.44811
-346.53153 190.86028
-314.44787 182.77753
-331.68288 194.69950
-317.14147 189.12378
-310.60043 183.35904
-287.12708 186.42390
-277.50004 174.53587
-389.94773 209.25682
-294.86972 182.82199
-334.45125 192.11448
-341.76471 196.18286
-359.83042 205.00680
-339.63853 191.50246
-275.14894 175.27455
-338.82987 197.19957
-360.84279 207.38731
-256.63802 171.26591
-320.21553 190.15510
-278.24691 175.34254
-348.57136 199.94561
-299.10191 187.26161
-284.70681 181.18406
-291.99380 181.86429
-308.17355 189.41415
-311.61292 191.47372
-390.32857 207.62956
-346.70895 201.35035
-288.34159 181.57976
-317.72703 186.85368
-277.98481 182.40865
-330.57832 190.30177
-343.72059 194.82509
-286.55914 181.77340
-142.54949 135.21533
-319.54183 189.58445
-431.61850 222.91571
-323.64098 190.35020
-346.61406 196.60157
-342.09475 194.62342
-325.30121 191.18151
-339.94268 191.97153
-290.23993 188.02456
-295.18194 182.22946
-333.26504 190.35437
-300.81762 185.46405
-355.91494 198.04941
-286.91251 184.70169
-282.75375 180.05871
-329.32235 188.33218
-372.54288 201.54238
-325.38443 192.65679
-349.98257 192.91553
-291.06098 182.57613
-354.09990 197.99891
-353.68045 199.48129
-344.15525 194.69188
-384.43924 208.29293
-385.64028 204.78315
-327.62046 193.13522
-303.99531 185.03822
-348.62303 199.73546
-402.25627 211.45249
-348.95290 194.28471
-335.61951 190.34463
-337.06019 193.89531
-317.17621 189.28650
-302.90643 187.36963
-358.66043 201.56667
-306.84146 184.32525
-335.60692 189.81599
-306.20193 183.54163
-319.71096 186.86032
-370.58313 203.50033
-296.33098 182.33274
-319.29491 191.60706
-326.58065 192.11783
-311.26772 187.84513
-304.92677 184.85334
-356.81540 197.13738
-378.13035 202.29558
-337.50883 193.23481
-320.11407 186.33798
-304.24744 185.03548
-337.28490 195.15827
-299.10187 182.12173
-325.57942 191.58861
-237.23532 167.76159
-342.57687 198.42929
-309.17127 189.95158
-332.66516 197.98626
-324.15679 190.66364
-355.82666 198.33627
-361.30984 202.08756
-295.13952 181.30686
-352.30258 197.86645
-272.88833 178.24848
-305.08623 183.28180
-297.79584 183.04434
-346.05261 198.51797
-350.81197 191.77475
-322.40034 184.43470
-300.23457 183.13072
-347.56640 204.52805
-367.40021 203.67156
-360.58814 203.93114
-379.32094 208.51973
-387.71385 210.64101
-306.14396 185.77635
-283.52020 182.86312
-332.58799 193.49733
-329.06350 194.84287
-276.70111 182.00836
-324.76744 189.29094
-382.32030 203.35557
-328.91780 192.68052
-293.08280 188.66350
-363.83035 197.06601
-320.26151 185.65313
-355.95756 200.85331
-370.86046 201.61487
-267.76792 172.49758
-240.83683 167.93459
-259.15257 173.77864
-316.33748 185.18962
-400.86192 214.12172
-294.13379 187.76599
-350.92810 194.78836
-343.15001 196.70011
-352.75859 202.73402
-328.26973 188.29243
-261.43423 169.15622
-352.13565 197.08691
-369.40250 204.01473
-315.86099 192.44522
-308.15834 185.20423
-349.84946 195.40487
-254.45288 175.76485
-323.37902 193.13394
-292.16679 179.62617
-339.01888 192.24006
-280.62642 179.76524
-323.44399 191.79648
-321.38162 194.89361
-366.68657 202.70517
-309.35574 184.40216
-286.89826 179.25289
-328.75872 186.63739
-340.13458 196.29059
-327.24729 193.08800
-365.12927 199.14554
-343.69574 197.38516
-293.58156 176.78055
-320.23298 186.55436
-336.06118 195.93799
-343.05163 195.95636
-347.30167 198.60494
-324.42059 190.62140
-324.44411 194.18598
-264.73695 172.13169
-353.26981 203.94659
-304.50959 185.65975
-373.57054 209.66694
-342.06977 195.99177
-350.25761 197.31133
-340.74877 194.52863
-344.58192 196.66139
-322.70566 186.92803
-309.84824 181.75954
-264.72658 176.58280
-364.42665 201.41654
-372.85364 203.65033
-355.82167 201.97273
-307.48845 186.88826
-344.04737 197.60445
-366.50536 202.27497
-301.32139 185.16017
-333.78638 191.22430
-342.15958 195.69094
-335.45241 196.37177
-279.57999 180.77523
-274.96019 179.47325
-337.96272 191.95525
-312.54026 191.00297
-351.62091 200.26254
-334.01758 195.10497
-266.51592 177.93397
-268.88295 175.87694
-318.55656 185.62685
-329.93857 195.64392
-334.74822 195.67908
-350.04109 199.73777
-319.58038 188.29043
-336.37490 194.70239
-307.31949 187.88439
-286.70738 181.36305
-300.15640 187.22891
-385.34540 207.55257
-390.25586 211.53494
-292.33183 180.59196
-310.09555 187.23400
-326.92878 193.81798
-314.29601 185.06513
-306.60174 183.75687
-299.84703 184.19200
-281.15599 176.99409
-368.39968 205.47147
-320.60082 193.02469
-358.67117 203.94681
-347.83678 192.11592
-298.14790 185.01512
-306.95621 184.98117
-263.51761 174.59978
-339.94182 197.33790
-273.75181 178.40962
-292.15033 185.21075
-242.65709 163.86958
-311.79027 185.26542
-332.02962 191.79771
-299.39117 187.44229
-322.14276 195.72237
-313.25411 180.77192
-418.43648 215.49772
-298.71772 184.32793
-276.48312 175.06009
-357.69051 200.96220
-285.26329 179.89354
-350.02480 203.40833
-285.48470 181.61356
-318.64359 189.81670
-273.42905 176.19374
-307.75214 183.40411
-318.05116 185.56236
-362.39611 204.47623
-348.81762 196.48419
-322.86114 194.67291
-390.74776 208.07966
-334.58508 192.16333
-259.22484 176.31797
-331.17625 194.03634
-318.41341 187.74832
-325.13883 197.13967
-351.17258 197.31918
-313.74833 185.06447
-257.88139 172.86198
-331.74066 191.49161
-356.48672 204.24618
-307.80187 182.85007
-394.80765 205.78927
-329.57411 193.90648
-347.91028 199.92376
-306.82867 183.28091
-349.11567 198.79430
-316.49050 187.14332
-287.69349 180.71553
-352.20944 199.28274
-337.64252 191.57702
-339.11453 199.36590
-349.25458 190.65432
-346.60199 198.50616
-285.01620 181.54202
-296.92784 185.89518
-279.29369 172.53003
-310.54727 189.57242
-369.39312 202.64139
-318.85368 189.86318
-314.65453 186.86872
-335.32906 194.02252
-310.37231 183.94793
-294.04021 183.15046
-263.13524 177.87912
-305.59158 185.06824
-373.11700 207.79685
-282.23647 175.92612
-384.86881 206.43114
-265.92459 173.02112
-274.86199 173.35578
-336.70238 194.32023
-278.40049 178.30830
-327.93888 192.00499
-240.99771 161.47814
-351.16825 201.05278
-313.35641 186.58582
-302.77009 191.42647
-243.08987 167.83139
-326.86368 192.40890
-279.94877 179.37609
-284.68238 177.27757
-321.12608 195.36497
-345.02499 201.57928
-290.37572 185.75648
-336.48147 195.47024
-336.59015 193.73961
-399.59724 209.86183
-364.64267 202.36599
-316.11556 187.91157
-283.92838 178.77098
-296.42602 185.71039
-376.83880 208.60437
-361.89860 201.58296
-316.21056 187.76517
-343.98676 192.30957
-311.97286 190.34806
-366.90110 203.47191
-299.56682 180.13728
-304.32584 188.83978
-366.29966 202.45305
-296.67296 181.72489
-284.71477 180.30522
-306.83966 191.80028
-384.78755 204.21754
-317.46451 186.67169
-298.82815 180.15683
-336.27515 195.72646
-357.82034 203.72363
-304.94409 190.50146
-323.83124 188.71279
-423.17945 222.83571
-351.72721 198.15407
-350.50953 196.99379
-369.35142 200.93342
-344.39179 196.50844
-373.50870 203.89522
-347.75353 194.82880
-283.65565 180.96218
-310.27752 184.46448
-326.89263 189.34775
-310.14146 183.36326
-347.65485 202.09767
-331.02394 188.01286
-324.57489 195.86727
-340.81971 200.15334
-339.95106 192.01350
-355.98761 196.63314
-301.00747 183.00229
-427.39794 226.00278
-350.62373 197.19893
-358.00205 202.13680
-340.76268 194.09120
-354.28853 196.66614
-325.81210 193.04474
-331.35673 190.98134
-307.90622 184.77249
-327.67921 183.87666
-309.39088 181.12712
-297.55374 186.25552
-328.72400 196.75609
-353.29037 194.28464
-312.59867 180.58285
-363.27619 206.80688
-314.64196 187.01239
-420.83668 221.61391
-382.34530 205.35107
-304.33253 190.17784
-311.75759 188.69059
-350.79903 200.10960
-340.11182 199.60955
-342.38289 198.20442
-315.94740 183.21937
-369.59975 202.54935
-271.02049 172.87538
-366.71173 202.03747
-326.80643 190.72228
-355.48333 203.88269
-301.86757 179.31138
-313.78446 193.85894
-356.39501 201.88529
-343.37737 200.38748
-335.69072 194.17512
-367.79679 196.30556
-307.13930 187.28596
-344.56170 200.02311
-262.05360 168.85640
-303.15609 186.33374
-380.58363 201.62589
-338.00090 190.92271
-290.51942 181.03267
-349.64671 195.99245
-273.78818 180.40960
-302.98654 183.16760
-315.50192 185.48367
-313.10389 188.39715
