-379.65329 181.35440
-314.54933 167.38640
-333.93004 175.75362
-325.81890 175.18809
-394.82389 187.17046
-331.45604 173.00724
-295.03132 159.70665
-310.84387 163.92859
-285.96818 157.50502
-301.07006 160.67187
-276.08702 159.71553
-326.35787 175.48640
-331.78715 171.13112
-281.51647 163.37455
-283.46082 160.48165
-319.95329 168.45448
-335.23607 176.50797
-306.95071 166.60361
-278.06156 154.51165
-223.64968 145.01710
-353.10541 171.16372
-340.61538 173.96921
-262.76549 152.89213
-365.97689 174.10184
-362.35213 183.24409
-318.34087 166.14927
-400.24643 186.39587
-357.40160 179.68156
-333.35134 175.38209
-337.74018 171.25145
-336.15123 171.03788
-402.92175 187.16760
-301.29674 163.07889
-282.22038 158.56288
-323.67406 167.52824
-294.33452 159.05674
-345.87584 173.89741
-317.42483 165.94662
-324.78832 164.76676
-332.52647 172.34492
-378.23504 187.42267
-342.74305 176.57271
-337.26167 171.63475
-293.30130 160.86166
-376.03582 186.20090
-352.98214 180.24698
-338.66433 176.89804
-322.65192 165.68801
-309.22114 163.39354
-241.35325 151.48347
-341.50274 170.20566
-326.17314 166.62038
-317.42750 168.98454
-322.68626 165.41194
-410.74620 193.48945
-357.05075 179.01114
-350.39107 175.67023
-327.55424 167.54762
-310.76479 172.33729
-323.24080 174.41498
-364.43989 183.19448
-353.60325 179.60798
-328.29886 172.08806
-330.66763 169.91476
-310.87521 163.47598
-328.98307 173.17470
-351.90274 171.40817
-324.38580 167.07001
-272.21031 150.32710
-382.85612 183.37343
-396.46606 182.92822
-336.58900 171.77617
-333.26428 172.78284
-319.23116 166.98566
-328.57785 169.82999
-287.72875 158.73600
-254.31312 153.28349
-327.77224 173.32065
-301.00286 165.05637
-318.24792 167.72302
-311.38739 169.62213
-312.11534 167.46879
-365.06070 181.65410
-306.97387 162.92114
-310.30317 166.57094
-413.45325 194.37423
-362.77363 177.35033
-341.24046 170.27107
-342.34690 174.80476
-332.30907 174.88175
-305.01360 160.56003
-296.95178 160.20788
-228.69281 146.69521
-310.61692 172.48396
-334.77802 170.76113
-335.09837 167.79671
-273.44422 159.23580
-312.22405 163.61179
-271.97308 157.51129
-329.18650 172.02180
-298.47289 165.39127
-333.24173 172.04339
-371.01895 177.80710
-349.16429 171.46980
-336.78964 174.50564
-304.56112 167.10672
-296.05890 164.15969
-433.56892 192.54503
-336.38973 174.46039
-323.25510 167.29345
-261.15431 153.75407
-294.97699 162.27871
-340.70634 174.35402
-314.97635 167.10540
-354.84874 177.74483
-368.74194 178.15991
-348.82994 179.29610
-332.36572 174.93994
-319.76051 165.00261
-348.74232 176.45878
-373.14399 181.63003
-313.45025 170.85101
-320.89164 167.09637
-307.91712 166.68966
-328.52170 168.35717
-347.24927 176.81478
-291.88152 162.98459
-274.37626 156.24025
-362.46639 178.42646
-339.45440 174.66473
-302.43650 162.85155
-333.12969 170.71934
-321.02059 165.85981
-330.95394 172.79584
-299.67316 163.67898
-311.50058 167.54967
-322.03752 173.19740
-316.82321 168.32608
-359.64441 180.71358
-353.52775 176.22963
-352.56599 179.72691
-335.61765 171.88232
-377.16230 186.71474
-359.24485 178.58406
-346.40657 176.01085
-336.08629 168.47196
-340.40163 171.15601
-279.14338 158.42003
-339.79390 172.83576
-346.04114 174.49264
-406.83260 193.15082
-327.29487 167.59276
-352.25156 175.44445
-397.68098 188.94346
-271.50802 155.97500
-320.14669 166.65420
-272.31632 154.95049
-327.36078 166.77765
-350.51018 170.50168
-260.16812 156.49395
-309.46196 167.37111
-300.88924 166.63227
-313.89569 169.23476
-387.34264 186.23148
-342.21080 173.02705
-358.48706 181.56283
-341.14672 173.24430
-372.52523 182.33987
-294.50956 159.58245
-302.17730 171.24204
-290.40198 159.78927
-379.09521 183.20605
-351.10852 176.40060
-319.14322 162.74688
-295.32831 161.44619
-309.43411 166.84799
-275.14734 155.11666
-266.25300 153.47471
-401.47542 186.59882
-323.78637 174.19556
-310.48261 168.39516
-295.57112 164.32286
-377.54596 180.32326
-377.35039 183.08384
-297.87622 160.07739
-397.03133 189.66303
-276.74464 155.30632
-311.22845 169.59894
-331.74381 172.16070
-286.70467 161.76240
-340.22052 174.97943
-322.77005 168.60247
-312.60894 169.84409
-286.67073 164.41417
-343.72326 174.36332
-355.17398 179.40378
-326.22616 168.36917
-354.60725 183.62486
-315.19009 165.63132
-304.12647 162.84017
-280.56163 162.45137
-303.20330 169.84177
-232.84326 148.41479
-300.29178 163.16155
-331.66635 167.25833
-357.00005 178.26475
-339.13598 175.42236
-266.91650 154.99048
-351.34673 179.86191
-320.02925 168.90770
-330.08209 172.62762
-344.98890 175.06669
-354.09967 181.13601
-363.36983 179.68317
-308.04776 163.00274
-294.62223 163.04424
-326.57634 171.87196
-387.30551 183.28104
-320.95572 168.46270
-207.68685 141.15180
-320.02732 166.75862
-354.02021 180.89696
-313.65506 164.71835
-264.87682 153.08475
-308.02973 164.83169
-288.10779 158.27193
-298.84870 165.59402
-253.33519 153.59952
-365.39483 179.25189
-414.85210 189.80283
-322.70768 172.30401
-320.44178 170.88505
-323.24176 167.91131
-363.47973 183.75171
-370.63273 187.50770
-336.89330 171.84659
-378.05654 186.11439
-326.08156 166.98463
-322.96337 166.92301
-292.48864 162.70927
-383.52115 190.00607
-345.23692 172.05342
-276.11302 157.46443
-352.29375 174.73081
-324.74333 168.84462
-280.76359 157.96449
-339.23300 178.16043
-288.09446 159.20442
-363.68944 174.61515
-348.81051 175.49869
-324.15397 169.28065
-358.63961 177.21353
-297.05192 164.35878
-291.77639 161.62965
-304.61119 161.91825
-314.85920 166.25246
-320.69136 166.92015
-319.74216 167.74096
-286.58235 158.65758
-340.22041 168.63158
-305.99485 165.23461
-248.72197 150.56935
-335.59586 171.94756
-356.45795 179.20180
-363.25783 180.60661
-223.45454 145.53807
-348.08735 178.71694
-368.64161 178.60995
-302.65362 161.81708
-232.41875 144.39829
-327.94446 171.36544
-319.46623 171.74867
-356.13972 181.47032
-375.83695 181.81853
-363.59253 179.22607
-288.91391 161.76330
-255.91473 151.19244
-322.32505 169.29561
-295.19989 158.94171
-286.86023 155.98840
-329.64393 165.48979
-355.38590 178.29180
-335.78729 172.45514
-324.02784 173.52889
-364.96273 177.06953
-344.22079 176.82864
-315.82046 167.28732
-318.63677 165.93882
-316.61604 166.41710
-392.82314 188.31653
-322.23552 169.80491
-376.79173 178.51301
-314.18793 165.97133
-327.09800 172.77941
-301.74038 160.81238
-329.09571 171.74740
-362.26498 177.57034
-318.18810 166.09989
-417.22657 194.06657
-304.82081 163.08781
-315.90920 167.63526
-248.63718 153.45556
-345.57351 176.21607
-401.01561 188.58903
-213.08367 144.99192
-334.63264 169.44542
-283.38471 157.76552
-370.94525 183.33828
-251.23556 149.37222
-298.77510 157.17796
-299.61386 160.43045
-353.16158 179.43293
-401.98153 187.86478
-296.64091 159.16237
-378.06456 181.95682
-355.05305 178.21763
-366.33497 176.82805
-320.89445 170.21327
-340.94924 175.26734
-282.08387 155.54008
-298.21954 158.91351
-345.02286 174.93145
-310.95406 168.06599
-308.79898 167.86349
-257.22325 152.21512
-319.63392 168.51095
-330.45936 170.96538
-385.05283 182.84020
-297.01528 160.29896
-350.85797 180.51459
-335.35631 174.57767
-325.95785 167.65945
-386.55129 182.44117
-338.48366 171.32618
-319.99300 169.16401
-290.70918 157.94993
-386.03740 188.17051
-330.95614 163.29373
-304.06830 168.37758
-334.15760 172.68706
-324.42772 169.82511
-335.86834 171.64304
-318.52450 164.30496
-318.95111 167.48940
-296.13273 164.97938
-297.74989 160.87578
-270.28707 157.58536
-347.92830 178.17744
-336.53257 174.03478
-369.18406 180.03084
-391.97608 188.27474
-447.93772 194.64265
-323.38407 167.74147
-302.41234 159.43302
-318.33017 166.98058
-342.74588 177.99985
-314.40794 169.25178
-349.44890 173.41868
-312.80256 165.15660
-334.27362 172.78912
-382.47483 187.10603
-347.11167 176.47017
-341.08575 178.58807
-344.24561 179.96395
-267.09682 154.38929
-360.40640 179.60519
-312.90925 164.80691
-313.45150 165.02729
-303.33114 167.97464
-366.85903 181.02292
-178.98706 127.72274
-272.65957 153.33143
-352.71868 178.97898
-271.25482 158.73077
-351.52362 178.45172
-356.19814 175.62025
-312.71283 171.86481
-354.82411 174.51323
-342.16951 175.10322
-369.54152 176.70069
-312.69062 168.56444
-257.13501 154.63696
-335.23715 175.19827
-362.93295 180.11526
-285.26905 162.20443
-335.43374 171.81149
-398.87444 187.57200
-297.21411 158.69189
-291.11442 165.53773
-299.10444 162.90379
-274.18551 156.83438
-308.30652 165.84029
-394.28302 189.14227
-338.28267 170.64484
-333.79083 169.68793
-308.94704 163.25904
-377.07057 184.62810
-324.64059 169.69864
-351.27583 181.15916
-347.76274 178.45070
-331.36699 170.34214
-368.40854 180.78543
-280.61779 162.59607
-377.20850 181.94930
-341.78685 174.99625
-321.64270 167.63375
-298.31737 164.09171
-274.37347 160.40680
-342.06771 174.75198
-323.10559 167.65808
-351.24370 171.30625
-384.90376 184.85863
-342.36626 174.30601
-312.96984 162.43485
-330.82460 171.43169
-369.66612 181.64302
-325.26519 172.21210
-353.33289 177.53927
-334.16905 172.31758
-364.69178 179.80864
-308.01874 168.78359
-305.22570 166.25712
-326.02255 170.46487
-267.40068 151.73618
-345.84731 174.39735
-297.26168 165.19562
-298.13353 157.94523
-327.24559 171.88737
-372.11161 182.70037
-355.00680 170.25748
-263.85921 153.36469
-309.09614 160.68040
-321.86235 166.70753
-348.40130 175.13800
-343.87483 176.56456
-338.77653 172.84218
-301.68354 167.16006
-343.69410 172.50814
-378.06662 182.65689
-274.14667 154.94692
-354.87632 178.16475
-329.43579 171.18970
-343.41272 175.46716
-343.69961 171.88205
-333.88722 171.95695
-400.41508 188.88527
-265.53115 157.52943
-305.22017 169.61652
-326.34743 170.73096
-307.09272 163.42283
-319.57917 170.52810
-273.58959 157.88688
-331.05655 171.53545
-312.72020 166.70280
-271.00908 158.31504
-314.76977 165.80542
-365.30788 177.49805
-308.21276 160.42566
-344.76894 175.03016
-334.53347 166.21469
-329.03817 170.52314
-320.71422 167.27762
-320.03231 170.36811
-296.54652 156.44169
-309.41014 162.65201
-338.31235 176.86974
-385.91613 186.73376
-351.30183 178.43639
-341.34688 172.31647
-341.48889 171.28918
-322.40151 168.97620
-289.70974 158.80225
-259.50702 154.43463
-332.48193 168.25806
-359.07022 177.62115
-348.14456 178.59783
-299.26374 167.80691
-313.55509 166.72173
-383.95872 184.18196
-369.92927 187.61314
-343.15696 173.14534
-333.77767 168.33198
-279.95690 156.13163
-397.71678 189.59968
-266.12194 153.82352
-363.76965 176.77893
-355.15932 177.23426
-329.86203 169.61327
-349.01033 175.55333
-278.81295 154.32925
-361.42005 179.72652
-297.95622 160.23988
-319.28204 171.80389
-278.42353 158.16356
