-381.75311 161.39887
-345.11845 155.07411
-323.39683 146.56343
-386.56259 160.85300
-386.75698 158.87414
-250.05479 130.29747
-347.92469 150.85381
-293.92660 141.16690
-332.30000 152.45384
-304.75569 148.44573
-277.47747 140.04593
-259.59240 131.20883
-318.11245 146.78256
-437.47699 170.79781
-386.28864 162.36910
-327.16162 153.93014
-396.76934 161.41749
-365.29649 159.21253
-360.57659 154.49899
-349.71054 153.27533
-412.43537 167.52068
-268.36072 138.34524
-305.03497 145.09222
-253.26796 136.57780
-347.26293 151.68295
-337.87139 155.11502
-348.65265 161.28927
-280.32758 137.27153
-330.43235 146.88744
-328.37378 147.29659
-373.01489 155.66510
-320.02744 152.38018
-313.45839 144.80153
-302.94165 144.22018
-391.06107 165.96309
-272.26707 137.43337
-304.44247 146.43634
-365.75482 158.14873
-315.23623 147.85330
-365.55301 159.44433
-384.86026 162.25427
-273.81944 136.12273
-305.33702 146.05543
-374.62830 164.69921
-226.08360 121.69060
-318.20882 146.85981
-324.84836 144.84274
-336.34316 148.50644
-326.04627 155.03551
-356.45333 153.01831
-311.90374 144.63163
-383.49865 161.68113
-375.22869 157.90549
-360.37563 158.59006
-380.40208 164.06786
-285.14914 139.91720
-331.54505 149.47661
-348.80060 154.76272
-342.20863 155.02250
-353.49091 148.48137
-275.69271 140.84842
-364.13753 157.63862
-285.41501 138.71355
-314.02793 148.00796
-282.34225 143.28803
-367.07663 152.55776
-262.35022 137.21532
-319.75532 147.52355
-312.12582 145.97708
-393.10682 164.88259
-305.32507 141.86102
-296.22777 142.00148
-299.55893 141.03964
-338.74023 149.63461
-298.49678 142.94279
-380.68207 165.14636
-357.10300 160.69475
-346.17099 151.17639
-348.28752 154.50605
-417.09815 174.16640
-334.25989 154.82803
-378.76576 163.26881
-276.93603 138.31223
-290.36337 141.43866
-290.85456 139.84294
-359.07139 157.60650
-312.27929 146.12571
-224.71563 124.27442
-283.25464 140.05825
-391.63706 161.42680
-293.70384 139.70152
-314.98028 143.63098
-309.56316 144.76319
-340.76820 154.25701
-414.38312 168.67202
-334.85344 149.23634
-259.64533 133.44103
-337.02599 152.67698
-361.89687 160.18650
-361.64647 157.37776
-324.89923 150.68408
-408.84686 171.11707
-272.82015 136.73392
-368.85003 158.32117
-345.23616 153.52827
-335.47560 153.03184
-303.44291 146.27334
-320.15003 149.14306
-338.72381 148.68258
-295.66228 144.14405
-335.51562 152.61315
-324.29644 149.14933
-375.29091 159.07365
-308.56969 145.69248
-324.03139 148.43687
-282.50802 138.88519
-298.24645 138.04880
-325.83169 148.38586
-342.25509 150.50763
-350.33039 154.54915
-294.86074 140.00601
-314.90415 146.59487
-304.59134 147.20550
-289.94975 138.86879
-304.63940 144.57739
-273.73310 140.07919
-342.37374 154.15613
-300.45269 141.05036
-381.08035 161.89944
-346.60509 152.35169
-392.35282 160.65053
-305.50930 144.35566
-410.95022 168.41364
-297.11504 143.09056
-355.05511 157.03470
-262.94685 135.45619
-348.10605 150.63266
-328.19758 151.98272
-356.49871 155.07495
-384.18546 163.47613
-287.06369 137.44830
-352.38752 158.91857
-313.59924 148.49543
-349.42877 152.40533
-336.83102 151.50427
-381.30117 164.04865
-387.08133 165.62704
-314.59080 150.38936
-370.70335 154.56239
-275.32613 138.89643
-371.75508 157.76353
-288.14840 142.67358
-308.01275 142.89939
-301.52779 141.59284
-330.87737 152.16929
-290.23621 141.04366
-398.54992 162.39310
-325.87468 148.08457
-361.88655 153.81517
-272.57475 139.47599
-373.06734 156.75394
-308.97153 147.09560
-340.06171 154.06231
-306.33370 142.51594
-330.80650 150.09132
-293.81834 139.80000
-384.16214 162.27749
-393.00661 166.32444
-326.04192 149.58600
-285.88989 136.51663
-276.62941 138.18162
-376.34763 155.55748
-300.70832 139.14007
-310.34059 144.46559
-312.79548 150.54079
-278.13175 137.78005
-388.52820 164.78888
-261.51633 135.63131
-259.21708 135.18105
-252.84392 132.08006
-376.98983 162.43985
-273.01394 138.37452
-254.45666 130.08859
-329.88520 150.69875
-320.68487 143.62945
-365.28174 157.10073
-304.41902 144.50252
-348.61956 152.47662
-340.83778 151.16716
-272.13968 136.07195
-266.59203 132.12214
-325.95472 151.16255
-257.03126 132.98658
-247.82345 128.23999
-314.73431 148.55948
-323.69275 151.91979
-376.67241 161.15064
-355.54573 155.80931
-287.03699 137.83983
-283.51169 138.80810
-276.12962 139.04411
-362.79731 156.87120
-313.96412 144.69429
-357.39037 156.67991
-290.48225 142.01097
-352.91110 153.72662
-265.14399 136.60110
-362.25604 157.20654
-364.12958 158.83120
-376.74694 163.40598
-292.23039 143.97462
-404.97229 168.87832
-328.71182 148.56250
-289.76546 140.86720
-363.09817 158.66672
-316.39963 145.23947
-404.61165 165.52543
-387.19496 162.34336
-423.39992 172.45878
-274.23881 140.81575
-373.25808 163.60160
-307.08057 142.95324
-311.75019 147.63070
-266.93355 137.34367
-325.01986 149.15805
-356.08209 154.52359
-313.55179 146.93600
-344.82537 151.47114
-306.73741 147.35185
-336.36063 153.52648
-333.51829 149.90343
-305.27332 140.61132
-239.82840 131.73290
-304.81842 146.00133
-354.90066 153.35495
-421.50948 170.17203
-297.28642 142.53871
-334.18451 146.89211
-359.67920 154.97411
-349.72530 156.47947
-234.44274 128.66440
-332.49714 154.58162
-405.45427 159.03828
-370.01962 158.49878
-354.42527 156.01573
-345.08294 149.57718
-320.09957 145.69700
-276.11910 136.18760
-331.34302 150.13506
-382.86868 164.53753
-276.86980 142.45512
-342.18957 152.85657
-369.08355 157.58664
-307.34679 141.45612
-291.00853 141.63704
-356.25412 154.61444
-329.36599 150.26800
-333.67296 147.21607
-357.98113 163.74247
-282.87929 140.16676
-311.31616 145.96801
-354.56640 150.32047
-195.53987 121.58134
-372.54107 158.13177
-374.90979 155.43542
-315.51412 149.28641
-340.96757 150.12010
-257.35671 132.31922
-331.70117 150.64440
-295.73414 146.02684
-283.50246 141.91493
-385.64142 162.26320
-314.36125 146.17653
-266.63167 133.80823
-380.10181 160.53521
-288.19865 142.16285
-386.21820 161.45144
-272.07938 135.85125
-310.73598 143.36051
-279.68644 140.45058
-344.85147 152.84955
-247.56963 130.95899
-317.29174 145.12934
-333.29432 150.12148
-366.16398 160.89864
-311.06043 145.79793
-291.70328 142.11666
-380.64015 161.69111
-308.83224 146.66867
-280.81858 140.56371
-283.66567 135.30085
-328.93557 148.09262
-367.05961 163.09291
-312.17772 148.93715
-333.98519 147.87781
-316.80761 146.31555
-330.28081 148.37372
-250.96257 135.54191
-377.02154 162.24448
-314.24812 146.29994
-327.39659 153.55464
-245.49398 136.41731
-299.66098 141.92718
-324.55963 148.61383
-374.55809 160.55812
-258.50567 135.03586
-250.83491 132.65001
-321.99882 150.36412
-294.33061 139.77803
-276.22877 134.96928
-404.48265 171.40217
-293.29692 138.44111
-347.68418 152.29439
-384.80842 154.67475
-348.00169 153.73552
-333.64747 150.96867
-327.48544 146.65087
-340.60897 157.01392
-351.48371 154.63225
-270.80544 142.15787
-275.49736 136.98689
-306.72782 144.79040
-271.47463 134.02506
-365.00009 157.12201
-259.78605 132.96843
-407.44254 163.66244
-316.77740 149.21381
-312.08596 139.60547
-320.57148 148.99315
-309.10880 143.94991
-359.08037 158.61366
-332.22776 152.77834
-264.92352 139.56402
-394.56887 164.96194
-384.36039 162.36028
-344.44471 152.91664
-260.64333 134.37464
-322.02825 147.99793
-454.62632 174.83599
-351.53018 150.51858
-326.91764 153.51363
-356.33074 159.14872
-266.06810 131.98378
-358.45167 157.55009
-290.08150 147.17317
-340.23993 151.70511
-382.96655 164.22592
-305.52142 147.51064
-344.12540 156.73311
-330.18074 150.39232
-299.91847 148.15865
-375.10299 159.54374
-353.43218 153.43616
-315.56616 148.00027
-337.65947 155.12184
-314.33096 147.75112
-306.74961 145.22765
-372.29269 161.18323
-343.24158 154.98729
-308.15179 143.19235
-264.76241 135.81635
-317.17890 150.17595
-322.08282 148.74496
-257.91950 136.62129
-331.83625 152.21376
-342.82751 151.99750
-336.25369 150.60501
-345.16325 155.12489
-356.67872 154.43987
-351.80097 160.82128
-375.39330 161.01926
-411.23218 166.35006
-315.49957 153.42313
-395.50231 166.32743
-388.81172 166.96940
-329.49333 153.13984
-375.40987 161.41874
-366.47154 158.79494
-291.01920 142.68892
-350.47178 153.66469
-384.56592 160.35216
-347.94439 152.66968
-310.99009 151.25301
-310.99650 145.00377
-306.32123 146.32174
-357.91210 156.43549
-385.80954 160.55166
-326.14249 145.21819
-316.16959 146.94659
-347.41230 153.90154
-326.42258 151.91778
-340.95935 150.63894
-381.39650 162.13246
-347.45552 152.68419
-337.31247 154.08087
-354.89442 156.81358
-317.63116 147.02106
-337.05955 153.87941
-308.06031 144.35942
-316.51700 152.32882
-247.54170 132.72481
-331.03869 149.51240
-253.00597 133.09858
-309.38784 145.00604
-315.07104 144.95499
-345.07034 157.11823
-366.03726 158.62033
-295.28664 145.38364
-359.27081 156.23968
-338.18039 152.82199
-317.46831 143.46367
-351.25041 154.59520
-313.86412 141.93995
-326.64612 146.60034
-286.07001 142.05391
-318.86138 148.95450
-352.98509 154.84144
-309.61381 147.63023
-254.78226 131.20021
-341.82108 150.37142
-319.45208 148.60205
-329.46492 151.46885
-307.38796 146.91730
-398.68455 164.97670
-302.13703 145.29165
-425.23391 170.72656
-302.39153 145.20475
-318.22212 147.75224
-343.47985 150.11878
-328.65686 150.54974
-281.81556 136.23836
-296.75909 143.83121
-352.54021 156.07670
-357.74273 157.06959
-360.07767 156.15465
-339.71232 154.07616
-335.16744 154.11826
-327.25242 149.47829
-302.81328 144.71128
-306.77942 142.44406
-297.74751 146.32512
-290.28296 138.98959
-345.95473 157.65259
-329.82766 147.98923
-364.72538 157.51241
-350.03756 150.43283
-324.52869 148.33360
-279.83559 140.58377
-227.85776 128.10974
-326.43928 151.31239
-332.78223 153.56615
-277.47909 135.50989
-292.82235 139.19959
-339.05525 154.08796
-368.87156 159.13905
-399.83604 160.72920
-347.21339 152.56868
-303.91177 144.46362
-372.62163 158.48686
-369.91385 160.43343
-387.15060 165.87173
-333.65703 150.03501
-400.32865 165.03102
-373.02638 154.40086
-303.09089 141.93166
-319.48580 142.97763
-308.13169 145.36062
-329.19120 154.54375
-282.30412 136.12218
-369.20613 162.41518
-356.87939 157.09186
-341.66565 156.56234
-256.68068 133.38794
