-272.44347 115.67667
-326.24076 129.30690
-295.06957 124.72980
-300.89401 124.75000
-354.10214 131.37179
-391.46720 139.43413
-337.50434 133.76525
-261.94782 115.43996
-268.96608 117.36054
-276.67526 117.13903
-359.19609 132.06947
-356.33615 137.15545
-358.27475 134.58743
-340.91274 131.74021
-330.07399 130.38520
-357.85783 136.49095
-306.39975 126.75229
-337.05131 127.45082
-292.92775 120.87129
-292.83864 119.69850
-335.37336 128.12807
-243.64596 111.26904
-351.94792 132.24266
-395.75090 141.19243
-280.44140 119.73633
-263.95910 116.39029
-298.09047 126.80497
-369.68920 141.22400
-331.74206 128.88358
-374.78639 136.77827
-299.99921 124.97472
-323.90378 125.14825
-309.23764 126.77920
-330.41069 126.20875
-285.48735 122.49269
-321.18893 130.44085
-313.93527 125.01287
-306.60534 127.88632
-302.88913 129.61523
-276.51933 119.36073
-351.79015 133.32706
-365.56298 138.70032
-347.81086 133.65285
-392.12865 138.00165
-310.72746 121.34379
-278.80859 117.33844
-412.44687 147.71444
-281.86874 118.72305
-315.11457 131.40615
-317.60251 129.08221
-319.83742 124.72926
-384.12480 137.57924
-338.47096 132.32667
-329.24203 129.64822
-351.50234 133.32133
-356.67494 133.81345
-314.69164 124.43903
-288.09499 120.91059
-327.41308 128.16272
-362.05370 137.17206
-385.28241 143.13683
-387.68735 141.15658
-259.07392 116.91124
-354.50490 137.36823
-307.32858 123.27349
-294.31640 121.86334
-257.03249 113.61115
-292.68722 122.36956
-354.76244 132.03961
-321.07467 131.50537
-341.27175 132.15699
-271.73691 120.63882
-363.59748 138.94771
-202.14291 104.29898
-362.08246 136.19677
-289.54745 124.67447
-371.68559 136.79506
-401.86489 143.89054
-330.44665 128.29709
-332.86445 129.56585
-278.26989 118.35990
-381.98962 143.37815
-349.21215 133.15253
-303.10900 123.22049
-266.32140 121.67557
-244.13161 112.57984
-367.29162 134.14560
-332.57717 131.60633
-331.12038 128.13001
-362.25700 140.67442
-216.76186 109.14719
-364.57426 137.61946
-342.35575 131.65205
-341.21882 134.70644
-363.71271 139.56399
-311.56105 128.32490
-272.53722 122.07724
-303.06218 126.07066
-336.88532 134.41250
-332.21791 132.55875
-343.77709 138.06928
-350.83144 135.34556
-387.49782 142.97297
-293.88354 120.97870
-316.89860 125.47777
-392.10739 143.76916
-366.05356 138.20608
-358.29924 134.16228
-361.76982 135.95729
-305.75810 126.49153
-239.60802 114.98233
-333.57443 128.56079
-299.08456 124.69180
-369.92824 135.17469
-370.72453 137.51341
-299.61337 127.22384
-386.18923 140.60474
-284.05070 119.01659
-267.54614 118.82764
-299.29633 125.79735
-353.34120 132.98197
-429.71178 149.32382
-351.84086 132.42281
-359.38271 136.22532
-321.89645 128.51336
-313.98766 130.15134
-355.24025 134.23707
-295.87660 126.53526
-264.47443 119.97823
-345.83053 133.30517
-314.55021 129.81767
-361.38068 137.42891
-360.01476 136.99015
-342.01676 135.53148
-372.61464 137.62052
-350.36430 133.14870
-302.02443 126.40363
-329.89589 129.01298
-369.61259 138.26430
-328.75046 134.10034
-317.12404 125.72645
-277.14132 117.15197
-314.14416 125.47714
-387.38640 140.81480
-344.06845 133.85452
-329.40749 134.80543
-295.39516 120.97941
-355.65844 136.82135
-300.50339 123.15423
-350.61972 131.74026
-332.37026 131.46122
-318.76191 130.94579
-342.04306 131.59573
-337.78400 128.19161
-339.34528 130.66396
-361.95888 133.94138
-318.87319 126.38236
-325.43205 128.24699
-357.82953 134.56096
-278.53549 121.90335
-282.10229 121.70874
-419.46481 151.74725
-288.39369 125.74906
-339.98551 131.89140
-350.41718 132.04259
-295.59606 122.02249
-307.05934 126.84638
-314.19355 132.64501
-302.85627 121.45058
-342.76017 132.85136
-345.94159 132.03533
-268.43556 118.13203
-354.49423 132.28451
-284.94728 119.72956
-407.16960 146.64836
-407.49035 146.81156
-308.72453 122.87950
-385.65383 137.91578
-285.93656 121.63051
-284.85610 124.06529
-354.60592 134.37707
-292.67045 124.03541
-241.93207 114.93517
-300.54389 123.53435
-328.77082 130.99148
-348.72428 133.97392
-329.70173 130.77974
-282.04662 122.92743
-327.20866 130.73979
-301.06611 126.47210
-343.63801 130.23684
-240.63871 114.76253
-286.62077 123.38304
-268.60392 115.20128
-344.00912 134.26352
-318.33815 130.73798
-394.83354 140.02541
-240.63796 113.83985
-314.72712 124.98690
-300.27089 122.88841
-326.01232 128.77146
-275.99899 118.85339
-361.10265 135.49942
-343.68185 132.90289
-334.73012 132.25565
-348.01174 133.00880
-254.84604 117.51840
-274.38827 119.57693
-352.22231 137.51310
-415.58288 146.75986
-294.95109 121.46013
-273.20873 120.84503
-313.50351 129.53738
-274.80453 121.68551
-376.28315 140.69573
-419.38376 147.80645
-279.65458 120.57570
-324.08446 128.68482
-287.24667 121.14352
-359.76498 136.74722
-318.77301 126.31521
-396.42238 141.89094
-338.68747 130.67291
-329.05903 131.19329
-316.81537 128.54723
-335.11347 131.25805
-356.00644 136.12924
-338.03840 131.31344
-395.06918 141.00021
-331.67555 129.12483
-316.37809 131.88737
-264.52018 117.38921
-289.12858 126.12920
-319.06777 128.42838
-396.38346 145.48778
-279.64504 118.02393
-329.45070 126.28883
-320.05676 130.88083
-323.85202 128.77172
-367.62475 137.69641
-298.97753 126.67786
-344.40700 132.69019
-266.91015 122.16553
-328.81159 134.01626
-326.07240 133.32377
-401.27946 142.89360
-292.62651 125.91652
-301.71459 125.97522
-269.19052 117.26132
-288.58161 123.15395
-335.39755 128.06540
-322.95685 124.89913
-256.83823 117.55227
-323.46471 127.98007
-307.81279 125.09261
-372.38761 137.35045
-331.95563 128.28853
-319.80436 129.01182
-331.52182 131.82046
-325.72609 129.90644
-371.76923 140.62737
-251.96640 115.45175
-333.44687 125.41342
-314.02365 128.63421
-259.99980 115.90901
-313.93141 130.81727
-329.53493 126.42262
-334.52655 130.35369
-297.25702 121.87291
-263.71186 118.52208
-264.46261 113.73101
-354.82089 135.30075
-329.72399 128.19504
-289.81994 121.35330
-318.16095 133.16323
-313.77580 127.53209
-277.26340 119.25232
-377.13481 136.55757
-284.71064 123.06566
-326.89587 128.75327
-372.22052 137.66921
-303.74116 129.10503
-283.67018 122.18861
-364.87885 136.68993
-317.07192 131.05509
-341.65981 135.18357
-312.87084 127.45740
-324.07975 132.57823
-409.78844 143.98197
-477.56852 164.06084
-308.87131 123.16412
-314.55441 127.03253
-393.31579 140.09622
-341.96186 131.62334
-303.98344 124.33815
-244.37399 113.88641
-314.67018 130.91816
-312.41259 129.53510
-302.05986 124.07704
-345.01208 133.10648
-321.91430 126.37018
-320.06091 128.79294
-373.47079 143.37899
-308.98730 125.53729
-400.31230 140.92573
-323.52983 129.97835
-340.57075 130.12609
-363.90121 131.24685
-336.25517 133.12862
-243.03532 115.30241
-294.99565 122.76088
-305.39933 127.00236
-325.90844 128.73798
-271.52939 118.03390
-332.37844 130.21778
-280.57135 121.56569
-314.45898 124.83557
-393.37306 143.09937
-273.39006 119.81663
-370.21791 135.57633
-332.28503 130.79270
-273.81474 122.42415
-313.27340 127.79956
-375.69342 138.15383
-375.91340 140.52962
-439.27907 153.29969
-485.27829 162.09503
-333.52575 130.67343
-343.98586 133.80738
-283.85397 120.62982
-388.14723 142.01728
-229.47109 108.27842
-329.08083 131.44392
-394.42853 143.46981
-295.38717 121.18939
-326.03671 130.59695
-320.45964 131.09575
-306.23639 125.36538
-305.80927 122.13762
-362.32050 134.27416
-344.62287 131.03768
-291.14096 122.87356
-343.94704 132.68354
-308.31506 125.28739
-335.62738 133.78972
-377.26074 139.20801
-396.43801 137.94459
-340.06703 134.24027
-317.36342 128.61912
-268.04272 117.10193
-414.69909 142.55527
-293.91300 125.25133
-356.54850 135.89983
-349.47594 133.27109
-312.63962 126.54272
-385.89184 140.77246
-308.01069 128.25762
-347.71571 131.00456
-340.62328 138.01557
-352.06066 132.39493
-301.26083 119.48135
-281.80492 121.86969
-346.99176 129.29513
-355.60243 133.10392
-362.60239 137.63205
-293.11054 122.17742
-250.71725 114.69244
-251.31432 117.98288
-362.16940 140.67956
-348.12577 135.41005
-293.40229 121.47954
-362.57023 134.18547
-345.70422 137.93021
-305.45837 123.00168
-286.86799 125.12105
-329.38771 134.36463
-275.95439 122.47896
-357.21005 134.08279
-262.39455 118.10566
-328.30021 129.55675
-300.29540 126.76691
-347.55031 132.65260
-338.35121 128.19352
-372.73009 142.07108
-342.77179 133.91018
-324.66594 130.57481
-312.87521 125.38446
-361.26745 137.64463
-319.41435 129.23372
-291.37709 123.51786
-319.57094 128.29832
-344.15029 129.66239
-299.29636 124.63665
-316.59079 127.33728
-342.80558 132.32579
-324.86611 132.69944
-278.56884 117.64063
-364.98583 137.72968
-270.69079 116.58383
-198.82043 106.56046
-331.12372 133.18798
-311.68498 124.09325
-330.33190 128.68418
-397.27328 142.11740
-381.21376 134.62376
-311.15885 124.89909
-351.18539 132.95163
-380.98200 139.38686
-305.36681 124.54068
-247.66345 113.56040
-358.84943 135.78353
-355.01054 133.00478
-364.00610 137.05261
-252.82934 115.68665
-386.81801 141.65086
-217.94457 107.20545
-376.27118 136.95275
-364.98378 134.64329
-320.20365 125.44185
-389.76056 140.52639
-335.77592 136.36616
-439.51344 151.49677
-391.40514 142.61496
-345.30002 137.32782
-341.89408 129.13332
-291.59233 125.76430
-295.19230 122.69176
-405.36847 143.29012
-352.50261 134.56663
-342.01879 127.70227
-353.57575 131.95553
-349.74689 132.54329
-362.05988 135.52511
-285.02441 121.12171
-380.69850 142.09632
-388.34638 139.09807
-297.76283 122.69157
-305.01506 124.04143
-341.05575 134.59750
-324.17907 125.93399
-324.02577 130.21787
-388.52494 140.76015
-311.05219 127.01781
-386.60207 139.26173
-304.12385 120.92019
-328.15795 128.14350
-339.02458 137.52507
-309.98954 126.04878
-404.85356 144.15053
-310.46413 126.32105
-316.18495 128.04069
-257.41230 118.51781
-315.48842 125.65971
-323.63593 128.07403
-370.60473 138.81549
-439.61874 147.71701
-365.95036 138.46593
-364.39692 133.13128
-210.05324 103.47987
-382.70202 142.40488
-342.99357 133.19981
-354.22404 137.67894
-357.01049 137.19550
-343.82978 130.66387
-357.13962 133.89856
-299.33349 124.92505
-373.22555 138.40582
-368.02184 136.15756
-284.80602 124.02561
-274.85773 117.23696
-284.15251 118.92906
-352.13676 131.65999
-304.93229 128.06395
-260.40453 116.69733
-301.21750 128.60241
-325.18805 129.00673
-332.78993 130.87650
-306.53798 125.25437
-348.95798 133.91967
-325.99926 131.88892
-351.35514 134.47740
-301.91335 122.58759
-315.23166 126.83795
-347.97768 131.41648
-362.39318 138.55808
-307.77704 122.92034
-323.12690 128.21111
