-351.23371 126.29036
-314.69552 123.05808
-315.66214 119.31988
-394.42870 134.39228
-273.96621 110.31757
-321.79163 119.44226
-340.60094 125.86524
-330.25964 119.85862
-284.98076 113.29420
-341.86340 123.48935
-352.94524 125.26692
-352.88359 127.45747
-344.93007 120.92383
-327.91110 118.77130
-303.90795 114.34888
-401.83128 136.52812
-338.26513 125.50269
-382.94677 127.43939
-374.49967 127.24077
-364.61890 128.86229
-406.86402 132.84655
-349.37367 126.75588
-307.31196 118.37816
-284.03939 114.31973
-279.61810 113.47720
-312.12217 116.48263
-306.63695 121.65616
-374.16801 132.52787
-344.73794 121.67902
-380.67818 130.87387
-329.71592 118.62432
-391.41534 133.37763
-293.58318 115.73453
-344.79242 125.43435
-404.57765 138.60350
-347.35434 125.05151
-270.90992 109.80223
-330.49870 126.94603
-398.19224 131.54381
-371.28901 133.08796
-267.69626 109.43651
-322.54564 122.09269
-315.78123 120.31651
-344.67606 127.79470
-388.45777 129.95678
-305.49633 118.17972
-366.81601 121.02469
-379.75978 128.45436
-359.05963 128.71533
-299.70969 117.82754
-331.98134 127.11676
-352.07398 126.31856
-350.94151 130.78605
-342.69378 125.05259
-302.93568 115.05745
-343.18680 129.84997
-345.00906 123.23630
-388.85139 134.28257
-317.40448 119.79345
-316.54180 121.36176
-309.98097 121.11048
-345.90602 125.58268
-296.92229 114.89630
-284.13770 112.84725
-325.54513 122.68689
-460.92673 146.33175
-287.38770 118.59877
-368.49007 128.36143
-360.47188 127.46473
-352.85525 122.38660
-349.67800 124.00244
-328.45855 121.54654
-395.14245 130.91379
-280.84080 112.97582
-359.54054 127.18935
-295.89101 115.99308
-353.14722 126.57994
-326.87704 123.31161
-369.04344 126.87355
-366.28919 129.18324
-288.72533 117.80683
-319.03352 121.41823
-228.68878 105.87853
-291.03828 116.50908
-349.71293 125.40965
-418.48689 139.33750
-271.78973 112.10492
-301.74778 117.08568
-339.34275 125.45772
-317.48934 121.50906
-407.43784 135.82720
-316.61709 118.68298
-288.81942 115.54612
-335.80370 120.12116
-309.30108 120.21204
-269.00989 112.20159
-266.24251 111.83515
-309.65574 118.24654
-352.03673 126.71158
-322.87996 120.26896
-304.81386 114.05964
-402.46328 132.20349
-313.85150 118.03958
-339.40425 128.54543
-317.67131 117.83326
-366.60937 128.70746
-353.38071 127.20984
-293.90366 115.18728
-315.05365 121.25778
-282.27331 112.11630
-369.75379 129.26955
-335.06649 123.22468
-347.72552 123.31681
-358.88176 126.95070
-324.29967 122.45252
-375.81915 127.04489
-317.98450 121.35335
-283.67218 117.74231
-312.77305 116.10817
-190.74822 96.059115
-337.46100 124.21758
-295.75386 114.15827
-285.67075 116.70501
-363.45790 125.87782
-377.58455 129.82606
-398.22633 134.29973
-319.74239 121.50364
-320.42627 122.14690
-310.47389 121.01003
-298.20466 114.14928
-355.92904 126.18966
-269.70418 111.17524
-372.85480 130.21222
-303.16325 115.78565
-255.55245 110.24393
-318.01597 118.90041
-311.29460 123.20573
-368.30725 129.73325
-344.48891 124.51225
-246.87668 105.40078
-348.92585 123.49291
-329.46760 121.66099
-361.78210 128.18496
-350.65350 128.40356
-333.58825 123.52801
-306.37170 118.76513
-370.16630 131.79228
-396.29773 129.17220
-306.77562 116.87669
-380.69884 133.39173
-302.80570 118.10478
-410.68547 139.15199
-324.11933 121.59374
-370.23739 132.10678
-336.12263 122.76802
-289.64441 112.72738
-309.93471 119.62483
-363.67385 125.66443
-364.43791 128.68281
-340.74045 126.09081
-325.42574 119.77988
-294.36695 118.63698
-314.05387 119.87468
-316.44373 120.27935
-302.14332 116.09752
-434.74249 137.69766
-337.12849 123.48826
-361.72289 124.34574
-353.87017 124.46960
-399.26842 137.78449
-349.33130 125.74926
-309.54418 119.77463
-319.19497 122.23535
-249.13278 108.10681
-343.92549 128.66536
-311.43938 118.01252
-316.69556 117.28829
-363.97888 130.22415
-328.49593 122.49530
-319.73240 119.96541
-287.56161 114.19113
-352.83206 124.72298
-240.41948 105.02811
-277.92848 109.11906
-393.75520 135.80385
-384.91438 135.05324
-364.46332 128.70126
-317.06003 119.16250
-341.13304 127.67094
-345.79212 122.56490
-293.66783 116.67750
-343.54527 121.48503
-380.17946 129.56196
-287.06037 117.64071
-311.83107 117.36973
-318.96860 121.00393
-307.50684 116.00429
-357.89408 128.83949
-279.60204 113.68864
-331.09195 124.89468
-353.21799 127.67012
-369.79497 130.77403
-269.63961 113.20593
-239.99238 108.37905
-352.32386 124.02315
-346.81378 123.75473
-280.34358 113.09941
-261.06965 110.47454
-367.70959 130.26544
-265.89706 113.76712
-335.04857 123.92567
-362.45430 129.00447
-375.96457 129.41796
-308.92106 118.61739
-380.36466 134.15688
-376.64660 132.98962
-331.90009 123.17879
-336.63840 123.91265
-324.54170 121.19035
-359.42497 127.27528
-295.90076 114.88772
-314.87083 117.63093
-306.84764 120.87050
-317.19396 116.41092
-312.53368 116.32968
-281.84673 112.50516
-385.52925 133.39607
-306.71502 119.27335
-262.67412 112.18976
-315.44757 117.77298
-300.38956 114.49541
-242.32765 107.27556
-261.08435 110.02966
-398.43621 134.60688
-300.51587 114.11764
-318.17716 117.09255
-302.35745 117.26034
-346.87452 125.50737
-314.12370 120.08434
-400.80393 138.71388
-314.10624 121.50255
-370.84577 133.25590
-366.71979 131.53054
-378.30145 133.08016
-276.21238 113.36156
-271.35079 108.20853
-303.42218 122.42529
-405.03232 133.86925
-326.04007 124.32822
-307.81197 120.87522
-321.30177 123.43705
-367.18668 134.93929
-310.45648 116.79736
-340.10129 124.48208
-364.08608 130.27112
-296.34566 116.76581
-332.14955 126.00014
-343.58756 123.02407
-346.17888 127.54450
-345.02638 126.71717
-336.95031 121.69385
-301.03538 112.33599
-317.95858 120.58755
-273.54712 110.38955
-323.72724 121.79888
-310.72244 116.76538
-305.50235 118.04693
-367.64640 130.17748
-293.93588 114.78988
-334.99753 122.53143
-320.19963 122.37541
-370.11856 129.88662
-225.17620 102.60725
-364.92455 128.62925
-282.04363 112.77177
-370.17878 130.23989
-320.10070 118.76664
-373.89326 132.15672
-384.76416 132.11874
-270.86441 113.18288
-299.03266 115.99386
-236.86956 103.74670
-378.50729 129.93078
-323.05105 123.19049
-358.03816 124.43293
-310.23702 120.78665
-277.50453 112.55147
-379.87077 131.62803
-315.90564 118.55337
-341.84711 124.77764
-339.12425 122.90764
-388.69030 132.77225
-314.98845 121.53412
-360.06183 126.77136
-334.35901 123.24091
-308.34272 118.23067
-370.22970 127.81089
-275.50666 110.57641
-340.29009 126.18839
-213.20834 100.15609
-341.24206 124.31564
-340.27083 124.23438
-286.70304 116.29503
-304.56683 116.12872
-303.16663 118.30559
-334.63814 125.90931
-389.58593 129.63547
-301.36441 117.67898
-334.94939 122.13578
-277.15885 113.70793
-310.86952 118.39579
-389.56206 132.17350
-363.75710 129.39130
-241.36784 107.28541
-382.69659 132.36767
-248.27154 110.46424
-284.43090 113.82191
-334.23591 122.67518
-332.92171 120.81617
-348.94837 124.24816
-263.31681 109.68728
-334.55870 122.83930
-273.69606 116.35746
-328.20724 126.29742
-387.61089 132.69278
-317.66667 118.09742
-305.16559 117.90032
-281.45381 113.69258
-338.54680 121.44356
-323.61795 116.68072
-387.42741 133.60313
-316.58692 120.40859
-271.96059 108.59056
-234.50884 104.99564
-301.76447 116.10155
-309.01632 113.56570
-283.53516 113.97399
-355.00421 124.38543
-354.17261 123.96228
-366.44499 131.21809
-256.37439 109.09143
-232.56245 105.51872
-265.11268 105.49479
-354.23491 125.04929
-345.99570 126.83154
-353.55075 125.39312
-386.94356 130.74808
-318.20825 120.84470
-300.23849 117.81470
-314.40480 120.88600
-337.37596 122.88756
-354.10825 124.75521
-288.25478 113.82685
-357.42017 126.08193
-391.19074 132.83202
-354.33858 130.21363
-372.03308 133.28632
-314.57878 119.27976
-316.35306 123.49038
-354.56083 127.88957
-374.11675 128.30329
-354.91305 124.77311
-317.09960 117.23361
-345.03281 125.24910
-334.18933 123.92535
-369.95363 129.79878
-346.74303 128.92332
-294.93021 114.63811
-330.90526 122.03223
-271.32381 112.29462
-359.18436 124.97952
-351.09307 126.28668
-300.32416 116.54552
-345.97841 127.87288
-293.90611 117.72917
-303.96550 120.30503
-291.98872 115.87773
-229.09873 103.32561
-389.58277 127.26265
-349.73596 129.34735
-289.00673 112.62913
-344.99562 122.67359
-330.64435 121.57406
-360.35511 125.79372
-360.79412 131.14829
-213.62795 102.94211
-334.85972 126.27260
-324.14235 123.13462
-330.85644 121.93588
-327.67149 122.87746
-328.64683 123.41036
-313.20002 119.22053
-282.67570 114.71739
-336.33173 124.06579
-385.54164 127.08753
-269.53429 112.77201
-341.57679 123.33779
-305.86242 114.49081
-235.89912 110.40544
-370.34662 131.99096
-358.23430 128.91359
-314.71696 120.19902
-247.35575 106.41792
-378.40856 132.05896
-320.53881 119.83902
-332.70680 126.08067
-280.27643 112.24425
-396.58072 136.32796
-384.20683 132.20070
-254.21961 109.02184
-367.51709 128.36108
-326.60229 121.23532
-361.56061 127.92690
-384.46093 131.62839
-261.82243 108.76597
-354.79093 126.87141
-360.39688 129.20852
-395.00408 131.66476
-332.39985 121.15993
-327.32081 120.29003
-375.23941 128.77026
-282.37636 111.32755
-310.70970 120.70039
-360.07106 122.45472
-279.20928 111.43433
-352.31082 128.16897
-285.05595 114.07432
-311.94542 117.21180
-410.50192 133.32837
-428.15766 137.98741
-269.77360 112.84035
-279.45206 112.58755
-359.24310 127.77035
-355.52115 129.37570
-331.02874 123.57929
-344.33904 126.24934
-381.01954 134.51415
-386.47559 134.43947
-336.76183 120.80023
-266.44823 110.52399
-314.20301 117.72179
-283.62154 117.86826
-294.27492 117.26197
-294.28416 114.05257
-364.12886 129.79698
-371.57279 131.26720
-370.27321 126.97343
-265.08044 111.83673
-325.52809 123.67582
-379.59987 132.25028
-378.21803 130.51216
-269.85453 107.62886
-268.76408 107.75297
-315.95291 119.96143
-289.85809 113.85526
-376.31391 129.42799
-349.26459 124.62664
-327.29773 121.01938
-357.81964 126.78699
-320.99623 121.25074
-311.84640 120.94190
-300.41207 115.56851
-400.15308 134.79348
-282.85479 115.38492
-286.86023 113.87118
-362.94643 128.94602
-241.65230 108.19447
-352.52815 124.84315
-337.80820 124.12783
-331.91724 122.37325
-356.39846 130.06556
-297.23237 118.17207
-346.15258 121.82776
-407.97193 134.97634
-305.73417 119.22231
-373.45030 131.40006
-331.52446 124.13215
-342.12480 121.27769
-354.03314 125.31326
-328.67755 121.18533
-349.44948 123.20310
-344.02370 123.58948
-269.93999 110.62901
-255.39794 109.33041
-372.16720 131.51245
-336.09183 122.44015
-349.64621 122.86882
-267.08360 113.84953
-322.42427 121.06748
-343.54689 124.68846
-323.75794 122.89697
-308.72084 116.00901
-346.72119 125.20455
