-370.85366 123.69517
-304.09339 111.97316
-338.75818 115.67453
-366.38558 122.31186
-279.64145 108.81497
-290.25826 103.67810
-335.56882 118.72003
-377.48385 122.24362
-260.11406 98.975539
-350.17133 117.38305
-312.24508 113.91364
-275.51031 103.32886
-299.26223 111.34320
-374.98971 124.39295
-273.47896 105.79835
-356.96126 119.13304
-297.22900 108.79052
-313.52961 111.66927
-327.80572 111.45932
-334.52052 117.35542
-360.32859 120.50331
-329.96852 113.27644
-426.86548 133.41205
-330.50324 116.76854
-367.92989 120.80539
-318.21929 109.49439
-327.91325 114.84996
-334.49299 112.90212
-346.13681 117.32556
-306.09847 108.00807
-345.52955 116.22066
-330.02499 113.48324
-311.63473 110.89251
-286.14909 106.93681
-279.11337 105.19436
-284.05586 106.31721
-337.49465 114.92844
-332.62000 115.40526
-297.43472 108.09603
-377.05229 120.49979
-326.07266 114.39666
-338.94767 116.99294
-320.10842 114.22989
-314.02684 110.53862
-333.31913 113.96916
-369.31744 119.59580
-282.97553 107.62884
-265.34221 100.96799
-373.21990 118.81717
-319.81372 110.42428
-251.53463 101.27362
-314.88343 112.84673
-335.47311 113.63723
-387.03657 122.84941
-312.73598 108.48300
-351.43457 115.41375
-360.40873 116.98842
-350.51320 115.58756
-314.51090 110.99080
-327.18190 115.43455
-312.49293 112.86400
-335.09936 113.48560
-381.31486 126.04768
-291.30086 110.12010
-295.08073 111.96400
-346.76969 119.11416
-330.98411 113.99532
-335.84290 117.38747
-357.66255 119.81953
-348.22237 117.10069
-298.58372 112.06496
-233.95979 100.62636
-282.57530 107.26939
-298.56306 110.03078
-302.43160 107.48353
-323.84892 114.80500
-301.28261 112.05909
-305.54082 110.74195
-371.81399 120.64059
-270.87650 105.53411
-335.04511 116.86623
-316.53428 117.25676
-322.50114 112.09693
-315.14970 115.74471
-239.17670 98.087817
-316.20852 112.53577
-374.62586 123.90975
-311.82192 110.47806
-331.82454 114.76835
-383.79466 122.65187
-327.00682 113.09019
-318.28373 113.85439
-281.59872 107.33615
-357.10770 123.88768
-324.89405 112.90395
-359.40958 119.93129
-297.57286 107.85368
-388.67251 124.75903
-280.45162 107.24100
-320.54047 112.34322
-350.63050 117.04103
-287.62379 108.42549
-325.62945 114.85733
-304.82125 111.32395
-377.21537 122.26989
-242.85935 99.215139
-301.93404 113.04032
-385.19368 124.08369
-267.76917 101.12139
-349.12434 118.49663
-283.88311 106.99026
-401.17264 126.06671
-264.21136 104.73715
-316.88855 112.57696
-346.26374 117.04887
-366.21026 119.68139
-329.18006 113.36212
-286.16974 108.22884
-307.37383 112.72315
-342.15050 117.58885
-330.57904 114.99053
-342.14868 119.63904
-343.89223 118.33598
-328.17352 115.88165
-358.57326 119.83939
-379.74906 122.38756
-408.35583 123.42321
-351.38048 114.96317
-251.00722 103.11142
-354.23881 118.61094
-299.30062 105.25153
-313.90774 112.34082
-285.27780 109.18264
-327.30921 114.96825
-290.11972 104.88257
-333.25463 114.53531
-356.28947 120.32328
-290.70556 111.44305
-298.69875 105.84897
-340.35079 121.47415
-393.49167 128.19579
-381.75350 122.80316
-296.21395 107.01017
-302.53867 106.31975
-336.61313 114.94460
-365.26507 120.35446
-344.88498 118.02340
-377.87690 123.29478
-328.50509 113.86569
-412.37959 127.79768
-379.36957 123.06878
-352.62210 120.48293
-256.16504 105.31173
-230.41107 95.956295
-365.56936 120.73675
-284.74233 107.47791
-348.07490 117.93898
-248.48374 98.555683
-295.52806 109.91038
-248.66092 100.02435
-249.21438 103.45859
-349.09518 118.07972
-370.00453 120.65840
-372.17728 120.50286
-436.56893 136.30136
-358.00435 121.88505
-259.03879 102.25811
-338.15361 113.31199
-382.35672 121.49984
-371.23671 122.87956
-383.87788 121.98573
-296.19113 107.14813
-344.61332 118.26156
-380.11610 123.09712
-387.39750 124.04060
-362.30224 121.75681
-330.13890 113.60642
-338.55415 114.87215
-323.73265 113.64845
-314.04084 115.92122
-340.58542 120.50527
-330.01199 115.88793
-297.60060 109.98570
-345.77670 113.62991
-316.26731 114.14614
-360.04318 118.26919
-373.14512 121.76845
-338.48490 113.67732
-393.22822 123.96244
-342.40915 114.70874
-389.62583 126.44204
-273.80952 102.55657
-272.95770 105.89245
-312.47868 113.95207
-387.79463 125.66248
-298.49573 111.35137
-349.91991 116.51899
-304.27253 110.64159
-330.60434 113.58694
-266.52975 102.30200
-390.91177 123.80374
-301.78985 107.71515
-312.82817 111.59712
-363.34372 119.47805
-244.47756 98.407015
-290.08617 110.76539
-319.69549 110.75064
-335.69292 114.57572
-238.63077 99.918293
-326.49124 116.10977
-261.29915 100.81638
-341.50726 115.48791
-375.13047 121.64443
-334.16465 115.23332
-262.17632 102.13233
-306.88264 108.44230
-263.10295 103.54844
-288.04154 105.90765
-322.13144 116.50866
-327.98362 112.85945
-346.51645 114.79388
-264.57958 104.08539
-319.63092 112.61170
-314.69539 111.61249
-251.58572 101.75448
-324.10733 115.13431
-341.45505 117.90170
-356.02022 123.80222
-272.73849 105.20331
-290.46216 109.38934
-317.66040 112.79297
-252.95901 103.24784
-394.89695 126.59755
-343.85224 111.65462
-312.38024 109.65619
-293.65883 106.67000
-249.88034 97.077389
-285.99521 107.17315
-367.48871 117.79736
-315.15356 113.88266
-343.54422 115.03768
-348.61751 119.76826
-253.48255 102.77706
-402.83234 128.35763
-313.58905 114.27960
-339.82451 117.49296
-298.79368 109.67430
-342.26393 117.24360
-361.24257 117.91993
-341.88967 116.06000
-315.48514 116.83138
-350.41720 119.67535
-257.45066 100.67400
-270.33686 106.03612
-270.84504 102.19926
-377.20074 120.26657
-371.82413 120.14743
-315.00558 110.61240
-407.33490 126.77960
-277.13296 109.37988
-324.67109 114.66979
-306.24030 110.76067
-327.84722 112.90409
-326.07113 116.75671
-318.84643 111.42386
-371.14610 121.37157
-273.03063 105.81638
-355.18125 117.55157
-254.21824 100.49852
-294.86844 107.72289
-329.08316 118.86990
-350.77468 117.79822
-285.04992 108.69578
-297.08205 105.30674
-344.71708 120.22362
-288.11482 111.60279
-274.15192 104.90139
-332.08588 114.40432
-250.94775 102.45959
-318.68322 109.01823
-329.91744 115.97328
-443.65626 129.72921
-253.62007 103.02284
-338.06154 116.48851
-349.13593 116.95210
-344.26201 116.99125
-311.35026 112.68065
-317.78436 114.37033
-312.49640 108.04190
-264.51626 105.95557
-350.63196 120.79424
-220.90604 98.118640
-327.01435 115.21950
-307.73845 110.84888
-195.90723 94.777002
-325.65178 112.19211
-391.47343 122.83381
-322.78902 115.55317
-308.48121 110.97457
-356.32143 119.59544
-411.83563 129.48510
-285.24804 111.33014
-308.21230 112.60187
-355.11036 117.42479
-411.88438 131.70939
-389.78359 125.56040
-276.31354 105.55035
-348.41847 119.50011
-351.16060 118.07789
-329.90712 117.11070
-372.12736 119.03196
-352.16154 116.99498
-311.83619 113.57488
-265.84966 107.44302
-340.84976 113.88665
-361.11919 118.58258
-252.19993 100.26876
-336.26812 117.58720
-272.66993 107.68172
-301.10480 109.97955
-260.07324 104.56933
-285.55591 107.85482
-313.48217 108.77744
-300.24662 111.66607
-306.80553 109.97520
-363.02140 121.58015
-326.82287 112.02164
-361.01539 117.87883
-335.30635 114.85405
-317.57148 116.87352
-285.29040 108.52563
-353.95427 119.73792
-328.75069 114.33161
-361.24840 123.91078
-361.29277 120.66053
-394.09229 128.57122
-328.21615 113.89752
-311.48220 108.29447
-310.57157 112.33394
-215.37742 95.220929
-389.87893 127.28351
-316.69889 113.59392
-335.29091 117.02271
-370.21730 123.19300
-326.84606 115.95432
-348.89032 115.96273
-359.71679 121.54261
-425.64922 130.66645
-301.31972 109.01945
-332.30027 115.73219
-337.26777 115.85668
-334.76649 114.82378
-328.68495 113.65382
-263.51314 103.62968
-271.46961 105.51613
-329.32567 115.06373
-335.36652 115.26113
-294.61085 110.96632
-356.27133 115.56055
-366.84024 121.63623
-328.66777 116.98417
-387.50089 126.96154
-410.89187 129.26410
-347.21512 119.17013
-342.38630 118.19322
-363.71010 120.34110
-307.40169 109.23685
-359.25827 115.55620
-343.99243 116.06225
-392.87431 124.30977
-326.95678 112.03476
-295.48516 110.85935
-327.26305 114.13211
-287.17667 104.86321
-349.28481 118.31498
-424.51497 129.07569
-340.70903 116.05006
-310.63703 110.87868
-344.57250 118.04319
-309.52745 113.38554
-337.76146 115.72602
-323.04865 114.37173
-227.16618 96.650466
-245.63409 99.169437
-334.20283 116.68394
-208.28109 94.394844
-405.16089 127.72748
-308.75965 109.41024
-309.92877 109.37271
-280.85317 106.46265
-352.13160 117.32869
-285.33278 104.62654
-314.62741 113.71478
-307.33682 113.38125
-277.37141 103.63661
-342.18497 117.24997
-306.28513 109.12258
-338.05814 119.43746
-261.53495 106.22866
-347.05942 116.87633
-347.45590 116.73147
-271.17614 103.12149
-315.75113 110.36630
-300.13681 112.17944
-307.39450 110.29413
-347.22587 117.72725
-297.89326 106.79274
-293.17533 109.01073
-294.80666 108.56428
-374.20415 118.14035
-269.52840 106.92176
-277.65275 101.42228
-286.41215 108.12871
-316.88926 109.57817
-378.86899 120.24054
-333.41630 117.68556
-288.13784 107.67359
-310.25754 112.10607
-360.71035 122.27967
-343.56314 120.90878
-345.25370 117.79933
-313.45417 114.27953
-315.11508 111.27670
-358.42629 117.33692
-314.39390 110.56661
-353.28224 118.13502
-357.00927 121.60770
-239.01061 100.05356
-365.13371 122.24281
-298.80466 107.12346
-263.50843 103.86950
-211.22675 98.147542
-352.09227 117.38166
-337.95912 117.44527
-289.37278 109.84133
-387.20699 127.14957
-319.61384 111.70049
-311.19050 111.34459
-345.66517 116.70589
-316.66933 112.13728
-368.90939 120.15933
-380.32500 124.91318
-320.07075 115.24092
-353.19508 117.21263
-362.06576 121.30179
-262.70478 103.93022
-331.77187 115.19150
-285.45178 108.02948
-338.41062 115.08791
-323.35215 114.29008
-343.41618 114.94454
-357.63877 118.39101
-319.03143 110.90722
-319.90177 108.83455
-330.23600 114.93129
-313.36738 110.22215
-303.34937 109.93404
-243.88164 100.56840
-325.71227 114.51295
-353.66731 117.95115
-399.65637 130.35674
-410.98396 127.31154
-355.16467 121.01355
-333.41709 112.36453
-276.32987 104.33531
-352.26768 116.01436
-353.35479 117.07569
-374.45292 121.84697
-346.73501 116.02784
-316.70398 110.51687
-336.92938 114.06976
-404.60307 129.06300
-358.29807 118.40703
-321.30662 110.76360
-294.57544 108.30648
-264.56967 101.75662
-406.84550 132.89131
-337.38174 113.31854
-355.24842 115.16704
-353.58059 120.57456
-311.34856 113.75992
-275.30090 105.06045
-304.74325 111.34333
-419.39877 129.03695
-253.03532 101.57540
-352.60206 116.98741
-337.21125 113.42406
-346.00299 115.58227
-315.19627 112.64885
-399.87014 129.53656
-286.23629 109.09357
-355.99035 119.07450
