-38.855856 853.26029
-32.708815 829.71675
14.683341 867.62004
167.05911 885.35155
-24.454591 892.40310
-40.827066 906.41225
-4.3649242 800.18625
-32.410176 824.89124
-36.395187 881.24537
-36.945297 839.68135
151.00122 873.50155
-42.020454 899.85738
-35.579524 816.43869
-10.795492 811.22910
67.506115 853.98881
-30.178041 798.39205
-39.035200 851.29210
-36.586860 876.62081
-36.415858 852.65106
-37.499734 845.75032
8.5037785 899.90893
-34.300262 848.79507
-24.734208 846.24269
-38.776467 825.49263
-38.251649 832.64925
-39.852882 878.58318
-33.802887 837.77609
-39.321513 861.39195
-42.743516 911.25645
-33.852240 857.26922
-40.848410 882.88346
20.292310 908.41877
129.35572 881.03300
-37.966551 848.99460
30.830515 853.09815
-37.545932 857.92397
38.500914 855.28146
-31.335195 790.16510
-32.226654 822.67581
-32.707968 848.95676
-35.351585 846.84931
-33.308314 839.09430
-41.665193 874.08447
-41.745654 900.40424
-35.643946 836.04504
-37.908435 887.25196
-41.789559 885.99675
-20.566220 908.26282
-0.12790175 871.48483
-31.809701 788.91972
3.1319615 899.02569
-40.620310 877.23317
119.37710 835.81264
-34.310549 874.57330
-20.393266 876.54969
-31.624081 924.59973
-34.702853 828.88253
-39.363673 837.56677
-37.778715 854.94574
-10.839714 881.37570
-38.142146 827.47421
4.8745061 816.78014
-36.398860 867.58054
-36.027540 878.91755
-40.654179 889.68331
-39.038746 841.58579
-34.624801 865.09437
-0.19889177 811.09902
-38.508398 841.14150
91.598798 845.67216
-32.945254 847.93713
-37.518759 826.77414
1.5804113 825.91970
67.941123 838.54543
-40.355331 890.40144
-39.153874 855.13674
-40.877511 861.53038
90.760259 892.45303
-30.171136 817.70593
-29.979711 822.04152
-23.949261 891.48567
-37.366676 873.58135
-38.305622 829.68329
-35.908940 856.88704
-40.468185 896.64454
-31.899444 823.94491
-27.078875 887.22031
-34.325528 879.52292
-31.429003 833.87592
-36.425039 871.71955
-36.111576 807.44491
-31.509510 828.20487
-37.015811 864.06921
-42.489521 904.12244
-38.550622 859.82462
-31.069213 794.70031
-29.320918 884.38431
22.580664 888.40634
-36.401640 870.10919
-40.194149 879.89563
-40.479568 886.36814
-43.146620 924.43373
180.63410 841.77884
-33.645407 843.32230
-34.475172 847.60786
-34.848060 780.03624
-39.401783 875.04673
-30.925494 822.39957
-34.591575 862.42109
-12.270074 868.92560
-22.762760 846.95144
-33.941886 824.48032
87.298369 855.62054
-33.547250 820.14751
-32.080635 840.98128
-38.229661 844.98417
-34.950656 846.74923
-40.808674 860.07941
-24.829576 872.77366
-37.052009 839.85366
-35.163211 861.46844
-34.530314 869.70732
-20.276107 822.98579
103.78642 832.17439
-37.121835 877.10515
-33.852327 841.29894
-36.486320 891.12534
34.532421 857.66990
-29.699894 810.25332
-26.898870 853.21892
-35.065718 863.41636
113.64613 904.98087
-15.201380 900.96515
191.17667 879.69119
197.15529 901.32273
-39.844322 851.57898
-38.918176 820.31937
10.643221 893.30908
-31.270385 825.69470
-38.143550 867.76749
-32.043624 846.06642
-22.374430 798.63884
-38.370091 865.05834
-37.342935 837.69106
-40.441720 875.00914
-35.934815 823.98660
20.801897 873.85649
-17.080667 909.96822
-38.706365 860.28569
-32.568023 807.81198
172.21775 890.94669
-36.170558 836.71814
-36.357026 879.99712
-40.597175 868.68642
-28.723175 886.44345
-35.525404 872.00172
-23.589137 850.63721
-39.552427 854.47537
-19.065774 890.78389
-41.423554 900.39153
-40.339398 867.06160
-41.290110 859.62367
-39.828468 843.50041
-33.583258 789.59948
-37.815737 843.36327
19.865914 934.79984
-43.585516 904.40215
-35.724464 823.85393
43.120299 854.25729
-43.217666 905.26847
-35.113670 841.95978
-35.856796 854.43318
-37.057012 832.54711
-38.296652 880.32071
-38.728002 843.15871
-13.111801 889.20625
-31.672908 888.21030
-38.261334 881.25148
56.535827 890.16305
-36.165278 794.40884
-33.748025 863.87508
-33.269027 812.29292
227.08152 914.89722
-34.181613 818.38595
-32.716233 848.61772
-39.390859 857.30915
-36.846983 848.25723
-35.480877 808.27339
-39.453102 843.49370
-37.720002 856.94860
-38.683317 862.14514
-23.022789 918.97571
-33.550102 848.10648
-37.820018 822.76759
-40.891476 887.48150
-34.160945 830.12045
-33.917918 847.49611
-39.736648 832.61497
-34.259690 859.89970
167.22148 883.21085
-39.117590 873.88070
24.410428 862.65255
-40.621240 848.55747
101.30756 874.22443
-31.228839 817.00028
86.027413 870.40616
-28.334555 779.97568
-34.555273 869.96621
-37.425521 862.82588
-38.273707 866.91284
-26.123921 850.16309
-33.098634 849.22293
-37.552499 877.37444
-33.326013 819.85684
227.01924 889.60297
-3.8861125 903.39010
-32.281295 831.19422
113.66517 880.23868
-34.250749 816.83943
-25.392266 819.53461
-32.274617 840.57954
222.04930 863.12358
-35.945870 848.89781
-34.768438 847.47631
-34.426138 860.32685
-33.992086 814.67069
2.7904866 815.29497
-34.465281 808.50002
135.71885 851.53980
-31.759417 816.87254
19.778321 830.42724
-9.3258006 877.83499
-41.143591 863.29903
3.0557744 867.68541
-38.577264 836.92554
-36.346675 832.65152
-36.229551 837.50332
51.922973 903.83242
-31.315025 844.01966
-38.051542 863.28936
-37.482514 880.36407
-38.731289 927.24655
-41.181694 890.97245
-40.416293 848.89736
-32.846783 834.28883
137.10456 839.24259
-35.813900 806.91479
7.1301824 837.93425
103.10141 828.67434
-33.787727 829.84890
25.484545 860.47041
-36.902301 858.61051
-33.337367 841.18878
-39.499819 862.05175
-40.742460 883.51617
-38.718487 876.91102
-34.813594 866.02103
-38.753349 869.03092
-34.405859 855.95791
-33.758378 812.03004
-32.068669 839.52566
-42.125764 908.93981
-32.501083 835.78987
-40.273966 843.20512
-2.0274562 899.59491
-41.417253 888.67219
-41.455639 896.48771
-4.5521068 863.12089
-32.314904 874.33475
23.649666 858.99155
9.3362034 846.96321
-38.770275 845.68114
-40.438609 864.34285
18.626490 881.30129
-39.297303 834.87069
49.038831 878.31812
-35.356587 854.97169
-37.350929 818.76799
-26.549485 901.59355
-28.220773 860.74107
-40.475439 865.16909
-13.351229 848.36062
-34.342500 835.69134
-25.729368 861.11532
-12.322514 830.94735
-39.716767 879.00018
189.48000 814.32600
-38.367637 891.84912
-38.060009 845.72416
-35.505337 870.68393
4.2220448 859.24307
-38.819816 822.44028
-35.082812 854.52314
-39.619082 862.86071
-40.188932 898.66809
-35.183909 860.11171
-30.609875 826.03660
-34.794506 833.13151
42.916822 868.47565
-32.499188 823.83540
11.816240 863.41819
147.84210 855.16421
-42.146427 906.01064
-32.441697 823.89884
-15.013650 856.42391
22.854711 916.37891
-38.170788 877.76842
-42.148959 873.74941
-36.647206 860.68802
-36.062477 838.87041
-41.616310 878.44109
-15.818144 860.21319
-36.876164 824.03969
-40.435545 848.55172
-35.826501 840.30069
-34.089199 875.64963
-31.259968 795.77631
105.03342 833.21664
-38.468302 856.04326
95.953866 851.33798
-35.712905 849.42338
-34.006248 827.99958
-42.214819 866.67043
162.37463 902.28463
-33.301884 817.77535
-30.311888 810.60141
-32.466236 810.26206
-39.677964 843.37571
-39.806411 878.77616
-8.8601054 836.59396
90.567051 864.06174
-34.398278 883.56729
-4.2902569 903.48339
-40.327098 889.47462
-33.809204 869.57751
21.563807 855.46834
-38.502354 884.53545
-37.444465 817.57375
7.0467076 809.50221
-42.977966 885.68951
69.429064 845.51039
-38.345903 859.07289
-35.258776 885.98951
-41.316236 857.03657
-31.980540 822.39418
-33.504162 817.49510
-33.343411 837.39102
-35.327241 855.83184
-38.471009 845.91842
-37.207821 849.68787
-36.450755 863.93568
-33.838700 821.22608
-30.555110 910.09982
17.350310 827.92956
-36.192477 856.85946
-40.498753 875.59203
-42.158410 885.89481
-42.491653 882.25328
73.971482 910.46421
-34.908740 858.58662
-34.300485 892.67137
-33.114367 866.61805
-39.459007 871.29315
-26.943473 859.13449
-41.871296 903.02436
-37.995356 820.19620
-38.673905 862.00636
-33.056231 846.60599
-34.492749 832.05998
-33.636968 823.69518
-29.857145 889.07019
139.17785 890.62385
-42.430076 911.72467
-35.010939 810.03230
-39.166494 871.46979
-40.794416 886.04997
167.23054 874.06854
-42.578927 868.01231
-38.714961 833.07767
28.268932 853.13907
-36.178111 897.99397
-36.669514 828.55573
331.63559 856.69088
225.23354 849.43254
-35.055575 860.51907
-37.695642 902.96744
73.301703 890.59796
-41.934927 882.91327
-38.110301 896.28834
-42.595085 892.23264
-35.908323 881.12973
-44.111003 918.90617
-36.960226 873.70133
36.726081 839.44031
-36.253652 856.26423
-40.418991 851.19423
130.70093 876.38940
80.119732 903.00147
-38.902346 828.96490
69.066521 921.43923
-30.958230 822.93807
15.686202 901.82252
-36.165322 840.99758
-34.340307 868.83669
27.612545 878.19198
-32.711447 828.13907
-38.889563 819.39535
-32.657153 792.67756
-33.916252 839.55283
-36.444729 893.94180
-38.294348 802.85506
-38.392800 843.25765
-35.122253 868.27740
15.517411 880.30519
-36.081959 880.49155
130.71971 883.57957
-35.315019 845.93067
-39.371502 881.52778
-32.497415 849.34737
-33.821963 807.57360
40.626886 866.31621
-38.335430 859.54384
-8.9735209 872.72444
-29.941983 850.62082
-39.524580 898.62815
-33.737709 830.74132
-31.479075 826.15565
-32.576725 814.90383
-36.178959 878.16170
-33.139924 820.65319
13.182879 806.15837
-38.459501 932.11017
-23.050672 863.27357
-33.823588 871.78270
-38.905334 869.05316
8.2921651 870.53822
-39.134649 871.29613
-38.988238 843.72550
-12.151014 794.87904
-42.429446 909.21221
-7.1748210 818.33552
-38.761381 807.72650
-37.267152 918.45138
-34.133311 863.71016
148.10633 804.98600
-22.359761 875.06959
71.157735 917.54185
-38.674391 833.32637
-36.982725 853.81729
49.632055 857.85742
-39.381695 880.82570
46.676058 851.75207
-34.100973 842.58085
131.88829 880.42103
-32.446983 839.62061
-39.470565 839.61140
117.21643 900.19391
-38.465130 884.17537
-40.439257 881.01386
-36.253486 885.20589
-36.007923 879.13688
-31.331471 791.49180
92.176226 876.66124
-32.289707 827.34185
-32.401136 815.29127
196.53108 855.49857
-33.507544 856.43679
-30.220986 873.42214
-41.287757 907.00206
-40.084284 875.22885
-23.267857 874.10955
-26.506736 902.24445
-1.0434062 924.56252
-33.402606 836.33897
-2.6323528 861.67535
-33.231153 847.20051
-34.255569 896.49693
-36.312544 840.37193
-43.177037 897.35296
-32.914218 887.56423
-33.648426 879.52128
-37.621939 817.20917
-29.817095 791.98991
-39.321398 852.64759
-29.304519 798.34007
-37.081886 864.20720
