-365.65437 111.52919
-318.57358 104.13018
-319.91479 104.42395
-304.90296 105.71480
-363.28709 110.36910
-373.34876 115.22259
-329.52308 105.04631
-400.84753 116.64224
-285.00262 99.755799
-411.69413 117.82964
-331.78632 106.03408
-356.11141 112.69968
-309.00167 104.98353
-300.76327 105.77167
-327.79717 105.79881
-317.17377 105.03479
-302.19239 104.81591
-306.35293 102.48832
-309.49838 107.55222
-355.06940 109.96823
-409.76476 118.58942
-239.68205 92.517560
-338.36030 108.76045
-395.98661 118.09023
-308.82435 100.30464
-319.65676 102.32086
-328.25587 106.16737
-341.05956 109.33417
-295.49131 98.382828
-324.21266 105.05751
-358.33016 111.80585
-350.20182 109.86656
-318.83018 105.11382
-339.61298 105.13082
-345.26500 110.89201
-326.54730 107.72803
-236.74965 91.027113
-332.90805 107.02776
-378.54434 116.86594
-333.63260 109.74212
-249.43316 93.476476
-302.55001 105.25143
-235.85653 94.160097
-370.55998 113.42778
-402.45697 118.57641
-323.27853 107.48654
-310.60294 106.06411
-271.93513 99.477374
-312.65540 101.59163
-226.77546 89.778059
-281.21999 98.811072
-365.29388 114.04626
-354.12358 109.00281
-239.26313 95.153618
-343.82214 110.88992
-287.42053 101.14684
-363.45534 112.75574
-328.16129 105.17598
-371.42269 113.72977
-275.28313 97.288062
-353.67408 109.27543
-357.07480 109.57080
-337.15591 109.32651
-358.29445 112.02442
-383.46733 119.43046
-309.07863 104.86106
-311.97805 104.73883
-349.82647 111.15756
-384.18414 118.01526
-396.04793 115.82054
-310.91479 106.08847
-351.94190 111.25869
-295.31679 104.68965
-388.13012 116.11777
-296.87227 103.94962
-371.95913 114.79971
-242.78457 91.424564
-420.27601 119.51848
-287.99232 98.250689
-345.84285 109.03828
-388.98207 115.97236
-350.23018 109.75803
-325.61570 107.98421
-308.37000 104.19268
-304.18734 104.31400
-346.53813 110.72761
-283.07321 99.643425
-295.42552 103.02391
-358.74119 108.20790
-328.49419 107.67832
-312.32170 106.67402
-273.90797 98.191324
-355.17071 111.67740
-295.76294 104.88192
-279.42310 97.153403
-372.41445 112.15202
-306.18703 100.99299
-328.01386 108.68270
-339.90700 107.43757
-317.64035 104.00711
-240.54362 92.090528
-323.62335 105.92740
-356.94279 110.68810
-342.67797 110.68463
-311.82637 103.84520
-334.29082 107.27940
-317.40087 106.86841
-287.76273 98.897365
-351.12846 111.90529
-273.81962 101.00728
-327.00719 109.49598
-362.36198 110.68318
-292.07166 98.033591
-325.82453 106.12725
-310.17759 105.79543
-385.64228 117.97621
-345.54422 110.29821
-388.83491 115.56865
-265.49050 96.003669
-309.38471 104.27013
-306.06719 103.21525
-332.29014 107.08103
-281.29884 98.068068
-267.19935 97.556750
-294.20507 105.74509
-383.77150 115.77888
-373.97383 114.53648
-352.39686 112.90419
-318.09171 104.70721
-349.40060 112.20111
-357.76510 110.40864
-251.32439 94.814158
-376.83869 109.51939
-278.10992 98.324125
-353.07494 111.04300
-300.57575 103.57366
-344.60151 108.58751
-296.20035 101.62808
-248.00392 92.110332
-306.86540 105.13786
-332.26714 106.50812
-284.94718 99.696490
-348.82017 106.10692
-310.33554 108.56747
-397.16971 117.44702
-211.51429 90.693444
-357.00810 113.01780
-297.32783 101.74174
-325.50123 106.64424
-339.66584 111.14977
-331.26479 104.65650
-328.78930 110.10690
-317.63198 103.29450
-286.66529 96.584733
-284.56144 98.157304
-357.12141 109.67320
-321.03451 105.43121
-334.19856 106.15883
-314.56325 102.30363
-326.54307 104.39409
-298.75946 102.08289
-329.77517 103.55362
-357.00334 112.63261
-313.69165 103.80288
-261.84366 98.321653
-318.88163 103.95620
-283.37885 100.42824
-240.91295 87.875439
-343.58943 110.79118
-291.93217 101.65694
-380.60722 113.67646
-302.87822 107.07890
-295.47011 102.32148
-315.06960 102.45286
-370.52566 113.33303
-254.02417 94.083032
-267.94257 94.706137
-193.40160 88.703593
-329.61096 106.61328
-366.37837 114.79186
-387.85181 116.66655
-345.01332 111.44358
-316.56283 106.50738
-384.30897 112.86846
-256.14205 92.875613
-374.58261 113.30887
-399.83993 118.10305
-253.15878 93.909848
-287.89547 100.35953
-400.05241 115.95017
-393.82376 117.04733
-346.38460 107.32462
-356.42055 108.93519
-325.28627 107.90651
-280.05196 103.49893
-336.38642 107.16606
-279.93185 97.541932
-285.99318 100.27397
-303.82486 103.26165
-342.41046 107.18823
-320.44915 106.59159
-369.67043 110.25095
-333.37317 107.14294
-280.07799 100.31407
-350.20752 110.82088
-373.70371 118.06841
-307.57820 105.58183
-296.33579 103.42974
-272.07562 97.401181
-310.70859 105.50012
-317.43847 103.71582
-154.67132 80.256102
-354.50468 109.49849
-351.84890 108.34790
-279.30892 97.376687
-404.75531 119.35663
-323.76047 104.86602
-383.97171 119.26376
-310.56558 104.19272
-284.43264 102.17545
-330.68416 106.95817
-286.98271 101.58867
-331.23487 104.48696
-290.38720 97.626619
-261.59924 98.683622
-367.67690 110.33741
-358.36964 109.64412
-339.30328 104.94913
-370.03168 113.34581
-292.61624 103.77572
-305.80441 103.69744
-334.83287 106.55512
-316.87298 104.78949
-359.39819 110.67855
-298.38413 101.37987
-351.73965 110.57159
-336.87661 110.73453
-330.39428 109.97776
-307.12009 100.96090
-267.40424 93.905447
-291.81558 103.04639
-358.61028 111.01999
-277.76158 100.78270
-291.66373 99.657955
-369.29400 113.39991
-289.75133 101.09406
-337.85251 109.09633
-363.90631 111.87896
-310.29129 100.90683
-246.78777 89.654054
-345.73877 109.60488
-327.72775 107.15430
-317.51460 105.94490
-324.10675 104.19668
-343.03839 110.02325
-260.82398 97.061668
-293.43444 101.17233
-226.66941 90.155445
-330.95217 103.79941
-261.33416 94.058104
-308.99636 103.82773
-330.83446 109.19197
-325.17450 104.39786
-212.51289 87.619887
-236.72953 94.981248
-272.06995 98.002432
-310.08797 104.40202
-308.10884 103.13893
-355.84175 110.15037
-336.43268 111.11416
-429.28701 127.21921
-311.49328 105.40757
-309.56163 102.28099
-343.61622 108.06600
-309.85619 105.71299
-290.30340 101.95752
-287.58340 98.693479
-330.45930 107.84987
-258.27696 98.728035
-333.40710 106.34964
-279.04844 100.54046
-307.22715 103.23995
-341.69228 105.67921
-373.52544 114.12213
-305.94950 100.26986
-343.80454 108.29384
-189.18357 81.315145
-347.60018 108.81620
-321.03227 105.87331
-438.07055 123.02716
-333.06182 105.78912
-311.86940 101.57093
-352.94752 112.14946
-317.65318 102.70725
-252.43571 95.470539
-310.39153 102.15223
-346.02621 110.00283
-310.31405 103.60697
-392.49601 116.43496
-257.61675 96.750949
-258.88856 98.158551
-248.06960 94.461771
-386.50509 111.68655
-327.78140 108.52981
-308.49800 103.34874
-260.38340 96.591632
-266.13698 100.16880
-338.82721 108.96612
-261.15467 97.226494
-406.28380 116.97062
-360.03850 109.70023
-391.50180 116.35812
-300.48891 102.08519
-311.78728 109.77848
-328.42540 106.90788
-360.50036 113.01123
-295.33514 103.17825
-224.59938 86.557510
-290.51846 101.29956
-354.90021 112.75808
-375.00081 115.81733
-286.58116 102.59437
-310.35385 102.59664
-348.32459 111.00841
-288.20360 102.46110
-298.30428 101.41401
-267.56876 98.186939
-328.65615 104.02225
-339.93241 105.05925
-254.49628 93.983179
-351.68534 112.13729
-376.22599 115.23916
-393.59481 114.76599
-341.54519 109.42783
-371.25019 114.12429
-305.15079 104.24416
-336.60118 109.30586
-359.72883 112.67882
-359.32192 110.61255
-220.36047 89.955140
-300.52829 102.52901
-266.07809 95.700046
-358.80263 110.99937
-263.52011 95.274042
-349.21649 112.84170
-255.79825 97.293934
-275.36646 99.844469
-350.66618 112.90388
-299.21767 103.18656
-292.33862 103.26785
-338.48270 107.62823
-335.65004 107.22728
-363.80017 114.42266
-302.78643 103.91599
-274.03330 99.042044
-368.75891 114.66946
-300.74238 104.49278
-296.34313 104.53678
-297.37387 104.46728
-408.86682 117.49878
-351.64003 108.31971
-278.25586 98.451262
-225.75350 88.726777
-283.13924 95.642889
-367.64234 112.75155
-331.64548 109.05614
-376.68238 114.62505
-397.31133 116.22058
-346.37357 110.63714
-360.20240 114.39854
-308.86906 104.17088
-389.45234 121.26714
-338.30554 106.83032
-287.04656 99.421151
-368.75536 113.80109
-265.07343 94.413445
-383.73943 114.73224
-358.19731 110.88713
-359.97353 109.19818
-289.38356 102.24006
-344.64219 111.96199
-365.50195 111.06503
-292.96857 99.790944
-349.29582 108.71135
-289.15749 100.14420
-394.54717 114.31226
-345.38419 108.98928
-362.99535 113.45130
-315.11505 105.82501
-242.58126 93.054146
-278.76245 102.21441
-281.98609 99.103959
-340.44466 109.36008
-380.88060 115.10816
-248.01099 96.355217
-306.76112 103.98399
-365.95533 112.07961
-272.45590 96.856929
-282.73724 104.65677
-373.46097 117.03393
-321.15389 106.52832
-328.04381 109.11250
-378.74620 118.41945
-300.10330 103.53125
-336.09408 108.41886
-294.38289 101.58879
-278.45994 98.366350
-363.22617 114.01406
-319.64263 105.19236
-311.26899 101.92919
-381.96501 118.45707
-348.37708 109.16634
-303.65399 106.88879
-338.68561 105.81710
-343.03609 107.91132
-320.60626 105.40240
-369.16852 110.13009
-347.00221 112.28392
-240.43563 93.552956
-302.78141 101.78396
-254.10236 94.503011
-329.11967 107.70539
-303.55138 104.64387
-288.78480 99.290691
-294.22279 99.000713
-355.01997 108.04569
-290.30867 98.753946
-245.15531 94.067215
-244.75740 91.950597
-306.86505 106.13329
-350.51831 111.73235
-334.46158 105.56151
-382.57233 112.65438
-292.16980 102.06604
-331.12189 105.50643
-319.60493 102.05809
-319.34562 108.27019
-339.37408 110.45926
-285.95548 99.861901
-275.89976 101.92595
-417.74022 122.18513
-366.15949 110.91875
-259.16345 95.302972
-315.83221 102.76559
-324.58535 108.53391
-319.08335 107.03130
-304.06688 101.31306
-373.12961 114.26256
-343.69485 108.78418
-357.67321 116.40229
-395.92624 116.43017
-280.04084 98.202933
-297.10810 99.188256
-373.32263 113.95599
-390.26554 116.29803
-370.61704 114.93401
-341.41558 110.79150
-290.71874 101.92222
-347.64190 109.82206
-347.96613 111.00750
-372.85738 112.53278
-409.00710 119.51224
-343.92960 110.07488
-335.41602 111.44171
-363.90635 115.59316
-293.21856 101.57385
-347.75576 107.38709
-332.95891 108.91865
-314.61025 103.69880
-317.55782 105.03004
-367.92043 110.41275
-291.52526 99.486760
-253.18944 95.297986
-294.45385 99.306124
-328.53466 107.41315
-311.69751 104.28561
-297.36432 102.07785
-288.12632 98.742109
-325.20477 106.44201
-290.37616 101.14554
-311.04086 102.37811
-312.61251 104.51123
-367.19231 112.32593
-325.81504 105.71318
-374.75291 114.48961
-265.46230 99.570377
-347.44906 109.64624
-252.24822 96.788339
-329.92650 107.30332
