-360.25651 104.05980
-328.67068 100.55340
-329.25971 99.493610
-354.68042 103.66454
-280.32674 91.419045
-339.70178 100.02002
-337.48234 100.00929
-372.18488 103.14501
-308.47628 97.231696
-345.93378 100.98247
-349.57124 100.19274
-352.00036 104.69348
-326.02764 97.027565
-235.84031 85.719923
-371.13055 105.37658
-283.89093 90.200035
-336.78886 97.115885
-281.41143 93.895207
-339.10089 99.559386
-276.48261 93.576432
-263.24402 89.996759
-384.87456 104.60948
-295.41384 94.430451
-395.24747 107.77798
-372.82494 104.79545
-326.21134 98.904958
-300.95513 95.883429
-306.88678 96.880363
-276.86849 90.476442
-237.64365 85.374196
-410.56075 113.12610
-295.71534 96.826803
-293.36539 94.667746
-364.75991 104.79020
-313.25958 98.771906
-277.81136 92.285196
-361.55410 104.88901
-356.04472 103.83189
-291.50275 93.479240
-261.78385 90.252487
-268.87871 92.260626
-375.17201 104.40101
-328.49587 98.089943
-312.55989 98.367565
-331.87195 99.467184
-361.51583 102.63812
-295.09484 95.451383
-307.18816 95.705241
-361.28746 104.05665
-320.90997 97.076198
-375.34752 108.26145
-322.18799 99.097311
-357.72983 102.07894
-298.31667 94.298683
-342.89225 100.24745
-346.26890 100.27046
-346.62430 100.61856
-346.52015 100.89381
-395.19054 107.75864
-321.99284 97.584796
-360.80298 106.07173
-350.79673 101.62938
-358.40916 101.73927
-323.92722 95.851583
-321.00763 96.330895
-302.63891 97.451417
-286.10919 92.689630
-319.85553 99.068629
-285.97443 92.668786
-227.99902 83.327570
-318.62586 97.002340
-345.12526 100.29475
-347.48648 100.58978
-294.67657 93.519986
-322.52668 100.82540
-296.66647 93.071867
-307.36756 95.982135
-298.25554 97.425700
-371.92989 103.66572
-411.72237 110.77756
-323.62163 97.696359
-353.17874 100.50909
-363.32627 104.78960
-385.36694 105.02975
-292.31057 90.183566
-350.07168 102.30090
-306.05399 98.368673
-332.24052 100.75621
-345.85487 102.74034
-254.58693 88.630529
-296.89017 92.664816
-272.46206 90.069518
-283.04680 92.515055
-239.77427 88.392355
-371.45271 105.36717
-271.66589 91.794284
-309.04970 97.239474
-307.45253 97.977638
-394.34477 107.91432
-396.25143 108.35674
-295.03518 92.633273
-290.31122 93.215114
-290.66450 95.052379
-295.91373 92.310138
-304.37584 96.480538
-307.34981 97.118810
-218.70493 83.330866
-324.07354 98.901823
-338.64840 102.00223
-299.76269 95.252351
-298.09978 96.514962
-297.55851 95.350876
-195.73068 79.844386
-320.56558 93.280119
-293.51290 95.882330
-299.84899 96.652497
-327.85384 100.46818
-304.71042 98.796652
-298.08485 95.476603
-265.77544 89.145265
-317.87968 97.803629
-340.37376 99.998395
-392.96947 109.11998
-271.60035 91.867111
-302.78195 94.765563
-363.21674 102.72469
-351.51494 105.07108
-360.73484 103.77306
-322.36861 100.73652
-360.28554 101.66144
-294.12659 93.464987
-346.00777 99.814982
-380.32802 107.52763
-384.47559 108.71446
-378.76289 106.85756
-313.24506 96.466022
-320.63399 100.63423
-336.89907 105.43805
-276.99679 93.048952
-267.84898 91.083937
-437.26567 114.46065
-332.14336 97.112223
-274.31239 87.980973
-342.84934 103.86043
-351.68181 105.45750
-297.97172 91.268996
-316.90175 96.039615
-332.09559 102.50652
-306.71254 97.875285
-361.37134 104.47197
-366.45709 103.42267
-352.26319 102.03344
-317.06308 96.675837
-270.12172 91.115309
-307.07068 96.775685
-279.78009 90.567594
-351.44495 100.31338
-316.67330 98.368078
-353.43928 104.31939
-338.31494 99.881247
-335.79473 100.00674
-379.98903 109.33339
-350.39246 101.91961
-300.61194 94.754850
-286.42335 95.661266
-315.47608 97.360460
-325.40494 98.423976
-356.06508 107.53126
-345.07819 103.34102
-413.12994 113.46225
-281.63207 93.584718
-354.30591 104.82537
-352.08206 102.57089
-428.43516 113.57911
-352.66432 102.27626
-356.95260 105.58923
-406.77981 114.04328
-298.68289 94.908292
-302.66855 94.976491
-347.58488 96.391647
-383.91003 106.58487
-380.20350 107.76573
-319.87649 99.519992
-352.97467 104.31005
-326.28332 101.37216
-277.38848 92.559386
-373.21791 108.11015
-278.20670 92.021076
-326.29766 99.837462
-350.41041 103.73677
-394.49049 110.96977
-344.20264 103.01119
-375.43307 106.67245
-245.13413 87.012077
-346.82117 101.64116
-299.81090 94.350202
-355.00915 102.29422
-327.26198 101.18970
-300.72912 97.743561
-300.99489 95.043859
-321.41071 97.045763
-329.39624 98.594474
-304.70638 96.367531
-385.01187 111.24008
-363.76783 107.38908
-288.63498 95.259787
-334.01140 102.08094
-339.93746 99.704992
-261.96479 88.585988
-335.76191 98.963117
-288.59171 95.738243
-391.97585 111.41227
-229.86148 81.337272
-310.08643 97.360925
-302.21933 94.980978
-351.49114 102.75327
-319.67746 96.151760
-353.62752 102.87010
-347.30060 103.23223
-349.57426 102.06047
-348.41507 102.07504
-346.44815 101.58620
-365.07292 104.50087
-441.21942 117.78494
-389.45351 106.55710
-333.69845 99.145749
-338.49065 100.52268
-361.15062 102.67371
-277.11770 89.626286
-346.49130 103.55596
-377.26720 108.82202
-324.71987 99.100592
-370.99169 107.35654
-255.52338 87.433459
-380.34639 108.15479
-302.96270 94.585207
-409.39151 110.36044
-274.65582 93.476285
-403.82690 108.08938
-300.41109 99.549777
-400.95839 111.19764
-288.23395 94.223102
-286.76484 94.321608
-385.43333 108.66652
-362.38064 106.47934
-246.19514 86.521686
-272.40517 93.404514
-320.81594 97.291662
-371.87671 105.08892
-267.65436 93.069303
-310.56824 99.296076
-370.37265 104.13134
-275.03975 91.942052
-362.04759 102.84819
-408.10310 109.65270
-333.36539 97.023854
-258.62677 90.161461
-218.67665 83.497203
-274.25758 90.853556
-298.16277 93.665133
-255.11938 88.167482
-335.57454 102.45182
-354.25404 99.825212
-291.22624 93.767716
-387.25218 108.27598
-271.62400 94.025993
-385.99558 106.73616
-352.44655 101.73551
-315.52985 97.731217
-356.05025 105.06177
-247.41377 86.167125
-339.51672 102.56802
-296.99283 93.195856
-283.40984 88.257511
-331.58142 98.714347
-325.30885 100.02931
-239.17873 86.484254
-345.05987 103.28717
-328.07893 99.551706
-298.20165 96.394382
-364.56164 103.80056
-241.51919 88.027804
-311.36847 96.772579
-250.11242 88.733400
-396.69080 109.97103
-331.58210 100.33178
-324.20939 94.918898
-296.01122 96.039342
-210.33222 83.081129
-316.05515 97.298058
-346.24069 104.11431
-294.38268 95.569650
-390.37853 107.06509
-242.82848 89.130778
-203.63860 79.782321
-298.87762 94.535334
-238.51178 86.033439
-317.05636 98.146481
-336.35012 100.97147
-398.82644 107.48420
-275.38357 92.571842
-309.90161 93.366110
-355.82693 103.87436
-299.87955 95.937673
-330.17942 98.474167
-258.71364 87.656569
-265.91895 88.761002
-311.80829 95.007526
-316.52361 95.810675
-259.66355 89.737756
-324.08524 98.399191
-367.68824 105.86369
-307.33091 98.795700
-270.61248 95.049747
-371.92974 103.77997
-288.59206 93.529362
-326.12694 100.90534
-330.07040 100.62396
-257.51487 90.246847
-266.61798 90.760768
-403.43744 111.96557
-284.12299 92.351462
-345.18842 104.27059
-404.43924 112.00045
-301.42341 94.485612
-383.97804 105.52015
-335.43244 101.13866
-399.66099 106.83504
-246.88545 89.365739
-300.76760 91.747136
-403.85086 108.73931
-315.55501 97.197946
-360.91475 104.92167
-261.16247 89.202360
-401.73767 108.24331
-400.36624 110.88769
-348.78542 104.52747
-294.30812 94.783522
-212.29330 82.547208
-331.81433 99.060295
-306.40746 96.702731
-290.17828 92.976657
-408.35892 109.20653
-292.80908 93.496247
-299.01337 94.383629
-398.70093 111.20147
-381.53405 108.60226
-304.58337 96.518185
-357.73971 102.72177
-270.64543 89.629777
-388.47958 108.04595
-341.51145 103.21800
-433.67871 114.18619
-352.21599 100.33409
-378.75839 106.60858
-338.07173 98.596139
-316.32588 96.931413
-353.61626 101.60261
-305.84935 95.517253
-367.39122 102.92484
-265.83347 92.367604
-314.53801 96.659308
-343.44608 99.893668
-336.62249 98.199836
-368.11620 104.24793
-346.59513 105.49999
-277.51703 92.509362
-365.12936 108.47620
-315.59105 99.695500
-277.71573 90.202633
-270.46068 91.890602
-343.92022 102.79062
-369.45244 107.31129
-321.10238 97.778840
-290.06357 92.208004
-370.50286 104.64658
-319.17523 98.594357
-298.57623 93.098717
-322.24260 99.355329
-289.59825 95.034831
-341.67317 101.00798
-372.67540 107.42827
-322.31184 100.89879
-353.28737 103.37065
-291.29575 96.693996
-402.14560 107.24835
-325.04298 102.07640
-306.89511 95.271608
-294.65593 93.811046
-338.59582 104.04053
-268.31935 90.301403
-344.06836 99.983879
-260.10487 89.915299
-275.79646 91.359904
-361.64596 103.71311
-272.28445 90.175358
-347.96416 102.69553
-260.48373 88.157409
-363.00713 105.84394
-334.53113 99.638058
-299.80554 97.720089
-312.71263 97.502487
-314.76471 101.33078
-330.36150 100.32416
-376.70894 110.35786
-350.81441 103.41892
-393.56833 113.67446
-330.93336 100.12895
-330.71138 99.079596
-337.79085 100.31236
-349.83346 103.35422
-390.40256 105.33776
-279.95262 93.731002
-248.00923 88.081862
-277.93060 89.617643
-271.46465 88.946384
-335.04400 100.38602
-336.70872 99.962018
-319.02677 96.150841
-352.16718 102.44652
-310.06989 97.076838
-355.54008 106.74903
-235.72700 86.036881
-360.44777 100.72553
-289.78870 92.873283
-283.83949 92.048288
-276.41288 90.011579
-372.11860 102.85872
-349.81076 102.49600
-358.09324 101.19435
-325.06223 98.973864
-307.89829 96.529562
-365.75110 102.36358
-338.47349 102.21592
-377.20255 106.85121
-341.48826 97.617535
-298.18700 93.042609
-189.13742 77.031212
-337.71567 100.72622
-440.16378 115.09894
-311.85872 96.947247
-386.94980 106.04836
-295.00763 95.502072
-302.51541 93.347199
-295.27733 93.585890
-350.58017 103.16302
-331.39513 99.710705
-287.50067 92.039030
-298.10688 94.321852
-316.88117 98.029162
-346.80760 102.56606
-325.92562 98.325446
-369.30981 104.03119
-398.51486 106.43213
-294.41364 90.476310
