-251.81707 80.593660
-308.79881 88.330887
-290.65760 86.633015
-329.13687 93.996330
-199.07189 74.315889
-341.12340 94.901036
-288.13688 87.415909
-334.53259 91.390741
-367.87793 97.097981
-299.49847 91.653503
-306.25666 89.086015
-365.94410 95.399065
-242.71295 82.814054
-311.28495 91.431383
-286.65288 86.864906
-219.95180 76.979898
-215.00322 74.619818
-225.57507 76.519804
-397.46771 99.014488
-320.07554 90.910483
-296.94050 87.958358
-332.78054 93.772803
-278.19246 83.167430
-349.62431 96.001968
-357.32484 98.906209
-251.04571 83.543919
-335.18009 95.202356
-351.11244 92.792340
-250.93482 79.070062
-276.44569 86.251999
-386.48429 98.607902
-281.04648 88.729876
-323.51928 87.570736
-354.32179 95.490000
-351.99899 95.555665
-358.82389 96.458302
-354.39096 93.733452
-265.37490 82.718324
-262.09440 84.745312
-310.29683 92.626752
-356.87499 96.831665
-259.86234 79.656550
-290.78879 85.181485
-382.27748 100.61588
-314.12307 92.932500
-366.33333 98.487614
-297.54494 84.835116
-279.86788 84.984807
-271.95495 81.248506
-259.37092 82.171220
-306.75322 88.043775
-309.84169 89.606276
-291.19216 85.406133
-336.92379 90.561496
-361.65026 96.457764
-228.29679 76.215598
-239.28451 80.139284
-245.67357 79.617194
-290.74789 87.475954
-276.12720 84.965686
-312.45257 86.472996
-348.17087 94.841269
-354.46355 94.814822
-334.77515 93.372180
-351.30602 95.429786
-355.54260 95.921387
-340.09640 92.768155
-370.48938 97.593593
-286.20938 85.298762
-314.91989 90.807432
-441.34411 107.41028
-271.16530 85.546397
-340.88588 89.596568
-445.65605 109.27137
-269.96177 86.964769
-360.07086 95.144894
-283.79372 85.130870
-328.66388 92.848048
-326.45344 90.579150
-265.27944 85.780092
-392.15158 101.61099
-368.66520 97.188742
-380.19403 98.416803
-285.03349 85.504108
-335.74640 91.004025
-339.92952 92.916669
-340.99376 94.193674
-365.35446 98.481591
-366.58647 98.151528
-265.17403 85.452034
-324.13441 89.391920
-356.83270 95.925592
-369.40997 96.630246
-375.62851 96.891626
-219.80874 75.788148
-238.38289 79.238934
-252.02487 80.223320
-317.31482 91.133330
-275.43232 85.295122
-326.29561 93.296272
-295.85481 88.453749
-324.48114 90.308218
-322.51590 91.320427
-329.03763 90.204001
-379.93406 100.19408
-305.87119 87.333764
-358.67656 95.424232
-338.94157 93.828047
-364.51694 96.105708
-281.12534 84.488148
-378.60945 100.16914
-260.22015 81.714381
-228.86535 80.143985
-280.06767 85.254956
-320.00837 89.750967
-289.78548 89.172312
-270.06912 83.353026
-273.14321 83.525424
-243.46171 79.542310
-286.64865 87.491602
-305.12451 86.876860
-272.57131 84.302431
-313.81265 89.749115
-312.63571 89.972070
-343.38237 96.169449
-388.48600 97.332814
-465.15679 106.87296
-382.83576 96.364191
-370.91866 97.517464
-382.45144 100.81235
-262.32661 84.841049
-362.87840 94.227400
-309.39795 92.055083
-305.79323 89.348858
-388.38612 101.25789
-316.63312 90.607541
-326.83063 93.902032
-294.25883 87.457994
-382.64296 99.678111
-308.14897 90.444322
-301.38717 87.884738
-342.73382 91.789978
-221.49644 75.268265
-355.28549 94.465328
-380.25526 98.097301
-387.10301 99.077196
-309.86142 90.749966
-329.21298 91.243043
-309.91991 88.831520
-287.92883 87.543055
-220.03042 78.872807
-243.67590 80.619989
-377.63834 98.591545
-333.34703 91.491927
-321.17896 89.167619
-345.22687 95.368858
-309.89813 90.256287
-350.62158 94.841331
-329.08752 91.118838
-347.92787 95.155837
-364.75274 98.767395
-273.41810 84.332780
-332.50406 92.002922
-335.96230 91.493872
-295.16359 86.384690
-302.50320 90.223631
-292.05249 86.555873
-310.85585 88.332006
-339.71373 94.075323
-339.50564 90.565643
-299.04488 89.515970
-347.67986 93.919658
-357.69586 95.403712
-299.81849 88.154831
-326.59844 91.429115
-270.10928 81.812074
-386.58550 99.998323
-251.55735 80.508104
-322.37623 91.246534
-410.61733 102.48707
-340.94442 92.234772
-365.00011 96.766543
-327.32555 90.443918
-304.17357 89.638131
-326.84195 93.375695
-352.44792 93.744063
-320.35429 91.535776
-366.46258 92.852664
-293.21206 86.418706
-326.44317 93.492981
-367.84112 94.722961
-350.70447 95.711327
-305.98701 91.489056
-331.20762 92.475453
-365.58557 96.916102
-318.22359 89.873205
-314.96333 89.815501
-328.37868 91.761270
-331.22085 91.766118
-406.21703 100.84834
-422.78312 102.16026
-309.97393 90.555969
-284.60078 87.386977
-367.83399 98.438255
-357.73754 97.112427
-276.03278 86.192705
-249.86525 81.828077
-334.42117 92.654842
-379.57839 96.957832
-380.60585 100.34388
-360.56870 100.15910
-318.36205 88.481910
-329.34524 91.945741
-376.26490 97.932541
-326.01023 91.575673
-403.56809 101.03148
-309.36862 86.655821
-362.60547 95.703090
-312.62729 91.695064
-307.53239 89.349444
-395.21892 98.879950
-282.92291 84.961358
-373.33467 99.783246
-221.15715 77.083232
-373.74145 97.958403
-291.65601 87.409906
-358.39826 96.972130
-314.43383 89.151460
-333.90483 94.865552
-301.96465 85.511995
-342.44423 93.268170
-359.75926 97.387801
-326.06619 89.087401
-317.23837 91.034332
-275.80005 86.304193
-320.68304 90.839352
-340.81328 92.362494
-301.07937 89.042421
-385.07969 96.893078
-322.68702 93.881760
-301.36078 88.537652
-403.91168 101.04070
-377.21938 101.18528
-289.06975 88.018563
-370.18249 98.131045
-308.70561 89.124800
-352.63795 93.878586
-445.88813 107.35436
-353.90723 93.823997
-313.25709 85.999220
-287.44443 87.328207
-367.49884 96.977228
-340.85689 91.263959
-326.44998 94.474235
-292.01107 86.910681
-288.56379 85.378251
-299.61835 90.147702
-272.40095 86.265156
-237.26660 77.465541
-342.93242 93.282515
-353.60936 89.079049
-330.04051 90.215437
-364.36454 96.549576
-278.24076 83.568991
-376.73523 97.673514
-320.64156 92.599495
-318.29348 89.484717
-256.41754 81.917686
-281.35979 86.861639
-266.84924 81.717889
-297.64145 87.681694
-312.68407 90.003883
-337.52807 93.782750
-296.07923 88.369099
-413.46011 104.69619
-373.10918 96.473177
-311.32338 89.370523
-340.99864 95.697336
-407.69911 99.874127
-368.69643 98.860298
-352.49907 96.485942
-290.25823 88.676366
-266.46458 84.567029
-406.49873 102.15965
-326.92778 91.328314
-308.25361 88.617905
-307.58189 89.634417
-191.70974 72.980811
-340.36752 92.120874
-268.14425 84.227325
-274.92339 83.769261
-371.89644 96.987248
-308.64548 91.650723
-317.08734 93.307456
-330.26447 93.739306
-368.70867 99.897470
-409.02686 103.54186
-375.95480 99.034541
-271.36552 84.060103
-250.80641 81.625284
-288.42070 84.332866
-345.37828 96.403820
-399.72356 103.72340
-277.97264 85.885202
-351.37749 94.308597
-266.75003 84.418054
-283.26697 81.905418
-378.54063 95.782669
-395.05468 99.509888
-333.51953 91.183041
-364.41857 97.706055
-351.91618 94.973311
-315.20423 88.581316
-357.10077 96.682027
-424.86217 102.52525
-339.79944 90.075369
-334.74739 88.858679
-300.24858 86.595963
-388.83050 101.35758
-267.50026 82.827345
-311.30818 88.202557
-260.66330 83.699638
-367.52182 97.279234
-327.97703 91.657489
-271.59823 84.478453
-315.66000 91.256558
-258.07179 86.002941
-449.97221 106.67311
-330.41075 94.246751
-315.06225 90.474918
-367.52908 95.723114
-340.94197 96.113202
-340.25595 94.358824
-317.40390 90.158902
-278.42153 85.204652
-324.62679 89.802312
-319.96764 91.259592
-203.72300 74.185385
-323.66072 89.147684
-322.08189 90.888254
-333.35654 94.655169
-287.96926 88.173711
-359.47941 96.268448
-303.16827 87.184172
-358.84723 94.609093
-312.66476 88.238154
-316.23863 94.222366
-341.03997 91.852478
-329.95977 91.322298
-343.80660 92.652689
-268.19301 83.730630
-438.67750 106.32515
-386.13310 98.510269
-337.14845 93.328380
-368.66988 94.087834
-394.38549 100.03061
-377.52277 97.956749
-201.90167 74.573117
-263.51460 84.922621
-280.31605 83.617233
-278.74215 85.613684
-352.04821 92.386934
-345.65728 93.896214
-304.35764 87.399676
-281.93186 83.818621
-320.64856 90.275146
-319.95225 91.890637
-289.23986 85.960391
-321.37335 92.272824
-356.97898 94.460252
-369.03641 98.411061
-258.81421 80.928705
-405.77867 102.53941
-325.26850 91.725599
-311.51987 89.103167
-431.81547 104.05022
-209.60738 75.131722
-295.17985 89.483263
-365.18229 98.356641
-280.06113 86.662378
-298.85574 91.289247
-278.68378 84.955435
-296.73210 87.503340
-171.02503 71.112450
-312.00637 89.108095
-268.72207 83.526127
-334.45912 91.836529
-417.74868 105.30564
-369.56536 96.274998
-364.29941 95.720483
-377.73884 99.426190
-349.21101 95.255838
-287.84488 87.806359
-324.01182 90.833235
-320.32010 90.464499
-360.51701 100.48332
-370.63310 96.666978
-255.76793 81.176828
-244.48698 80.342050
-351.84029 96.123177
-325.81975 91.971660
-296.99307 85.747005
-397.83886 99.323306
-369.53556 97.487413
-404.39078 100.85863
-299.85200 86.675278
-286.19502 89.523538
-334.94047 93.389966
-225.87729 79.505064
-303.12401 89.522984
-412.20587 101.33014
-292.81907 89.965466
-292.92609 90.436700
-378.53995 98.596916
-336.58106 91.016467
-319.31703 90.234321
-272.76634 86.243944
-361.89267 97.412076
-292.04702 86.570892
-320.00415 94.405180
-377.52406 98.159929
-355.86229 94.190406
-258.85441 80.801866
-374.04031 98.549530
-259.24735 82.644861
-301.35740 93.075516
-349.02009 96.307049
-277.58221 84.330993
-373.05663 99.743356
-325.49333 88.608437
-367.84312 97.430101
-327.15726 93.729764
-382.75443 97.024156
-307.45481 91.360614
-230.96060 80.526574
-364.51678 98.017977
-312.31376 89.789537
-349.94505 96.623640
-325.55996 91.113745
-325.66531 90.842499
-314.73802 86.853621
-369.44561 101.20795
-325.92307 92.760732
-413.43713 102.87769
-292.68754 85.761705
-319.20613 90.071727
-350.14904 93.391572
-267.11106 83.605888
-356.29225 96.575665
-361.01095 95.385342
-383.43152 101.48562
-303.60318 87.116936
-384.93888 99.936760
-358.90223 96.754841
-306.01649 93.424420
-370.27344 96.379574
-341.81390 95.684381
-287.35624 86.340748
-319.34587 90.825937
-260.52062 80.055821
-330.79102 93.763264
-242.78916 79.420981
-368.68851 96.307459
-356.32358 97.822406
-261.63607 84.580172
-377.40667 97.143651
-348.68943 94.486433
-396.49006 101.87443
-411.54538 104.47939
-364.27652 96.695706
-353.71240 95.754789
-310.30432 90.477295
-317.31942 89.994322
-373.43851 97.905301
-318.56685 92.805922
-245.52427 76.806350
-319.26618 91.184131
-380.44722 97.966293
-283.13850 87.116102
-350.36885 94.008157
-368.52244 94.345262
-362.82304 98.941264
-386.10859 98.536821
-165.34361 70.595529
-309.35587 88.897023
-355.63730 98.636011
-329.83711 92.663431
-297.53876 91.665942
-365.12896 95.624386
-310.95107 89.999673
-306.44566 90.122053
-390.73618 99.895130
-379.50189 98.555388
-310.28548 89.031228
-347.41378 92.782960
-259.87604 82.054649
-374.65100 101.70272
-330.75659 92.777065
-370.82326 97.736972
-338.65802 91.633118
-354.61488 98.537242
