-299.55926 81.394770
-293.33503 77.663169
-418.62927 96.943269
-395.15769 93.832878
-341.52062 87.794870
-288.20101 79.282539
-285.46560 79.160925
-342.91100 85.812602
-269.81267 75.292121
-347.21912 87.062395
-237.45061 72.034854
-310.96260 82.940228
-292.92074 82.055297
-371.01520 92.095480
-337.07462 85.544544
-329.98713 85.598194
-352.74451 89.151904
-294.47447 80.636274
-309.94118 83.022617
-397.94234 93.942664
-377.73459 90.559660
-341.90455 84.976881
-350.74332 85.114339
-406.51327 90.981691
-326.57100 86.767582
-259.36344 74.788383
-257.18390 77.276762
-347.86179 86.067803
-230.78798 72.759871
-317.13224 82.285147
-235.83176 73.835472
-349.29262 87.889477
-309.38490 81.742997
-307.73241 84.101202
-368.77106 89.177999
-359.87683 88.756684
-290.75927 78.804753
-305.76436 79.672650
-281.74523 77.076298
-341.84328 88.182955
-318.63692 83.445508
-342.93974 86.688369
-321.25564 81.732822
-324.02530 83.399682
-384.87333 90.863700
-374.94835 90.311223
-341.35418 88.445528
-323.31062 82.625471
-293.38703 78.975114
-315.60712 82.286946
-313.73152 81.083909
-333.53143 83.711727
-393.21568 94.195601
-374.70152 90.900827
-360.99676 89.268713
-272.88989 77.067626
-338.51916 85.505707
-344.65909 88.709889
-369.49207 91.137198
-318.82913 83.181576
-299.18416 79.317786
-368.82014 91.408521
-340.33826 87.375570
-290.42859 80.280293
-303.70244 79.218484
-291.50837 77.399004
-224.50074 72.174827
-316.18383 82.905851
-291.72586 82.411336
-366.62351 88.156579
-340.34906 85.875028
-275.39326 77.840193
-405.83260 94.462380
-305.23625 81.921975
-252.96906 76.030414
-169.53039 64.242926
-294.24350 80.775722
-318.38945 82.416296
-317.89375 85.370500
-349.62787 84.725853
-319.86318 84.247075
-296.47809 79.722098
-297.14071 81.322607
-290.18860 80.109366
-382.44868 90.857560
-296.72503 82.408873
-292.37893 80.822058
-337.88717 86.488678
-231.38279 73.308401
-343.55773 88.713203
-350.56189 88.471063
-199.66568 67.100395
-399.75925 93.561542
-353.76225 88.624950
-301.37478 79.680973
-383.86618 92.474058
-411.35570 92.353643
-327.01859 83.109459
-304.93008 82.341821
-362.46673 91.092318
-376.90665 90.332759
-322.93450 84.576387
-357.36871 88.583221
-332.62463 81.099730
-301.71702 81.728352
-292.93415 79.983147
-333.61601 87.218972
-297.47608 82.961084
-284.55758 78.508151
-229.93479 72.860437
-371.09276 91.957408
-315.05763 84.378550
-364.40848 88.468801
-291.71974 81.337357
-300.90563 81.643005
-373.56057 89.862853
-365.57300 87.048855
-310.21700 79.892281
-295.26873 80.679755
-293.31739 77.833518
-293.12144 78.629932
-233.14014 72.467614
-321.18255 83.119418
-319.63861 85.246879
-263.83496 73.469083
-326.31255 83.552674
-381.86192 93.617198
-320.77908 81.674530
-334.91887 83.913038
-314.66178 83.698386
-254.78256 76.203213
-345.65632 84.691820
-336.83974 85.276042
-315.27786 82.191734
-331.17739 84.944858
-348.05776 86.664307
-291.68661 80.223232
-265.67213 75.278917
-335.57594 87.934923
-303.94250 81.379520
-353.59570 88.521761
-288.26808 77.533766
-305.73411 80.727279
-329.73814 82.771102
-257.30810 75.096410
-398.93080 95.166634
-334.72020 86.297041
-209.57969 67.945515
-282.00955 77.418541
-228.03833 74.287137
-297.16527 80.261392
-336.03582 84.911592
-259.69305 74.476682
-218.28844 73.300667
-278.10079 75.865784
-352.43174 89.211044
-303.19205 80.583400
-381.74890 90.173092
-336.60219 86.294104
-319.96405 84.652367
-278.30860 80.186603
-370.12130 88.624640
-233.35276 72.733412
-255.51868 72.944298
-285.59795 77.131412
-308.69810 82.732279
-348.02421 86.933361
-351.62973 89.570735
-344.78374 87.929019
-356.03061 90.088677
-388.30221 94.847440
-343.87103 88.420558
-394.59006 93.603969
-383.66573 91.590858
-241.18162 73.408341
-282.90875 77.970150
-317.61092 85.996248
-266.80104 80.443496
-248.53478 75.425203
-343.12326 86.797022
-321.14805 82.392110
-217.53754 68.002891
-438.06430 96.891201
-296.48363 83.794135
-370.49389 89.974431
-326.95653 84.154851
-429.88697 95.892504
-398.01590 92.115323
-335.44771 84.900830
-445.19728 96.876540
-433.56358 96.569653
-367.79229 88.923643
-320.43915 83.357718
-373.58101 88.722359
-279.16245 76.494951
-354.72812 87.356619
-380.58726 94.015578
-421.98507 97.709500
-316.04885 83.771612
-355.18129 84.848251
-310.42449 83.916748
-304.74873 85.404310
-342.79999 84.146781
-283.06018 77.041069
-276.86117 79.500552
-333.15308 83.734885
-332.98072 85.569143
-377.32318 92.385220
-278.81808 80.877833
-280.65450 79.790043
-358.59259 88.760098
-324.34457 81.754640
-366.41376 89.743915
-275.25273 79.207412
-346.54455 87.044645
-299.58450 79.783235
-295.78384 80.745538
-261.53754 75.799244
-392.59597 93.616453
-378.78984 89.785049
-341.57858 86.118378
-305.03556 83.702292
-278.48156 77.591247
-364.54540 86.412941
-280.50510 77.187494
-357.88764 87.744959
-301.11903 81.511456
-328.59934 84.864219
-253.11661 75.267664
-370.17744 91.347244
-332.55142 84.543730
-325.98449 84.066225
-336.96975 87.989811
-267.23502 78.074329
-281.24538 80.611972
-332.92314 86.492745
-360.68458 87.821034
-304.87223 79.089494
-259.12390 76.863062
-240.24842 72.125723
-309.68063 83.672664
-244.03804 73.901682
-283.95287 78.585362
-307.36680 84.236588
-340.92274 85.728870
-333.26347 83.204300
-343.31886 84.230266
-347.87472 86.464843
-359.33303 91.655310
-238.90528 73.503981
-309.99235 81.104138
-294.15092 79.319807
-411.49666 94.109104
-389.26913 91.300290
-254.16243 74.640143
-325.14204 83.383554
-277.46676 79.716035
-349.56403 89.275627
-282.82368 80.265912
-331.21427 84.421928
-297.07898 80.634938
-223.64410 69.800449
-318.93647 82.782762
-326.81750 86.956271
-293.51908 77.828697
-262.91636 78.390181
-237.26391 73.184574
-326.75264 84.226600
-365.99449 89.129468
-293.34874 77.023204
-263.30819 74.927827
-361.23506 89.307655
-354.89269 87.476540
-321.64855 82.360324
-341.17183 86.774945
-380.52545 92.764918
-366.46737 91.696233
-334.42217 83.769663
-334.02108 84.433078
-265.17797 77.044131
-347.30902 86.453546
-323.51630 82.662372
-331.89633 86.230470
-280.35028 80.551413
-288.30065 80.654394
-355.47290 88.360465
-269.92004 76.336575
-302.54213 82.344890
-303.51524 81.572276
-286.89299 80.251656
-324.76198 85.413917
-271.31998 74.510182
-311.93560 80.476622
-294.18200 78.601472
-362.95337 87.106042
-313.05457 82.927448
-323.01863 86.428507
-301.41679 80.240615
-327.18761 85.052190
-344.91007 85.726673
-279.76431 78.595766
-326.69685 85.862775
-329.58799 85.102679
-384.55318 90.571264
-379.10770 91.426598
-363.72483 90.516290
-410.44273 94.505075
-349.02892 84.433418
-396.62453 93.641542
-353.71715 86.219426
-316.18986 82.551408
-339.08225 83.919969
-226.99292 73.691275
-339.89556 87.503573
-301.69193 80.281300
-338.07001 89.232565
-362.14242 92.349491
-298.79208 79.024535
-348.23613 87.367745
-404.92217 95.169441
-317.51027 82.459088
-268.91886 77.825731
-385.22469 93.335977
-381.94213 91.246552
-309.56151 81.210519
-379.00008 87.340520
-330.19855 87.819568
-269.69224 76.981307
-329.01700 86.212886
-366.24871 89.356722
-412.59537 96.049001
-285.39559 80.687229
-271.39140 76.162945
-339.47540 85.480830
-249.55209 72.361296
-258.82783 74.507894
-280.88996 77.905907
-386.49572 92.339691
-248.00293 75.066122
-375.90529 89.077740
-351.22418 86.246972
-322.47969 86.187360
-353.57491 87.064309
-345.64908 86.173914
-363.30804 87.724729
-339.07150 84.061829
-296.09206 79.141944
-324.58493 83.715934
-373.97570 91.464385
-278.98092 76.693091
-259.25142 75.349068
-298.86197 80.091304
-315.07449 82.712309
-305.06071 83.138538
-345.68957 84.426027
-362.90262 88.370565
-371.15754 88.932883
-325.07208 82.332938
-339.98032 86.969417
-280.64491 81.125963
-316.38765 81.202521
-324.39635 84.780643
-317.64510 81.926276
-347.58285 87.790615
-318.27606 83.380064
-340.90314 84.979547
-389.14092 93.261635
-328.59771 84.729188
-343.36289 90.737172
-297.51811 82.172495
-346.95774 85.770377
-290.02942 79.979704
-283.73757 77.857238
-353.07597 87.198953
-389.53473 92.397549
-280.05600 80.761682
-428.31672 96.235396
-347.23564 88.919996
-318.17861 83.453465
-346.40031 85.363085
-317.51911 84.092392
-214.34823 72.642369
-271.05609 75.413234
-305.26326 82.036785
-293.15236 78.727614
-395.77128 95.985646
-365.02484 87.908930
-276.44174 76.955563
-337.41648 84.730032
-302.90494 82.149744
-365.61388 87.713543
-352.04384 89.877236
-374.26810 88.934870
-380.33220 89.172071
-349.63412 87.131565
-331.02670 84.828428
-357.14592 87.675513
-330.13316 84.694777
-271.71694 78.185523
-305.41496 83.613688
-359.51869 86.358964
-340.97107 85.242217
-262.52388 75.520210
-306.97450 83.142650
-250.56706 74.060772
-317.09316 84.107331
-355.67649 86.656756
-303.13651 81.040827
-343.52302 87.530835
-317.11781 84.691598
-367.14189 91.546853
-338.55605 85.552371
-279.06738 77.535059
-368.76533 90.621625
-354.44302 89.157103
-244.71543 74.436788
-322.23703 82.013388
-287.13199 79.997281
-324.83290 81.517861
-343.73387 86.677771
-331.35467 84.532533
-250.71932 76.920440
-413.04131 94.931863
-348.62410 90.136122
-273.51919 76.841610
-300.63986 82.767055
-321.01335 82.288794
-283.61798 76.986565
-332.05449 84.632274
-264.40136 75.709289
-353.68046 88.086596
-328.81762 84.470367
-280.13859 77.522571
-390.24082 93.148003
-254.99649 77.102774
-302.35874 81.447434
-298.92327 83.484590
-290.06640 78.199643
-324.94601 84.038329
-313.83685 83.092830
-305.28207 81.837864
-332.26007 84.263482
-303.95795 83.139088
-256.56782 76.397082
-350.81820 87.110717
-334.58472 84.138086
-317.11999 83.857021
-278.63373 76.286309
-430.57435 94.889051
-261.05738 77.746662
-342.17444 88.900473
-327.01088 82.784956
-388.69404 88.710832
-357.45065 88.971099
-324.60753 84.479378
-263.09009 74.198628
-354.82846 87.962279
-315.98887 84.279767
-370.47422 89.919057
-299.64959 78.687227
-278.56743 75.875371
-268.49494 80.439747
-318.13787 82.177586
-316.49386 82.924349
-293.51010 80.816068
-374.58248 87.211123
-414.97438 95.229227
-306.87890 83.129915
-277.71409 79.863328
-345.65131 87.020867
-404.75274 94.650603
-326.34242 86.416093
-364.79529 88.379726
-345.15883 87.011298
-344.25364 86.727490
-285.69148 81.175304
-348.67913 86.717227
-325.07838 82.866281
-390.46588 94.150843
-335.25468 85.796681
-294.42676 78.090326
-280.79889 78.785574
-328.69021 84.789826
-310.67390 81.328960
-326.98498 82.758608
-255.77123 78.064700
-232.10481 72.034196
-350.86008 91.515954
-324.27615 83.522516
-305.54119 79.992714
-281.63092 79.372283
-327.91281 83.331939
-304.19281 80.654172
-356.01286 87.474710
-318.37447 83.364353
-203.40356 67.126071
-292.43143 82.656971
-293.74861 79.095015
-344.02254 88.421120
-400.92951 92.522415
-291.90019 80.121168
