-342.94786 82.073462
-383.68764 81.138860
-336.68212 78.023076
-338.10386 77.178275
-220.96183 65.639234
-364.02393 80.256860
-326.98881 78.285964
-277.74719 73.928160
-247.52533 68.208366
-376.51170 83.461289
-327.46241 75.136003
-305.09373 73.625812
-242.34935 66.434552
-403.55026 85.224549
-335.16205 79.203907
-352.89212 81.233336
-308.07553 75.297667
-283.77582 72.383933
-280.84760 70.976306
-311.51118 76.255997
-367.75976 85.728272
-332.97086 76.366567
-286.80529 74.530548
-340.77999 77.623231
-285.00025 72.666554
-283.09936 69.731657
-308.02732 73.375904
-199.55764 63.254980
-231.76639 65.690335
-330.12442 75.789604
-334.52914 78.036951
-370.12412 80.784322
-293.42957 72.899833
-320.27558 76.157767
-289.42543 75.861000
-378.22473 82.999385
-371.83116 84.230454
-304.00356 74.619820
-348.92608 78.887391
-299.98533 72.555800
-293.68605 75.389755
-211.45502 63.239277
-396.47356 86.160223
-422.16755 87.351428
-295.57752 70.895472
-243.75077 65.845236
-323.62998 77.313012
-337.06293 79.885517
-264.32998 70.553041
-309.71301 76.084806
-287.24869 74.397907
-385.30116 80.862382
-347.85714 81.037417
-349.48565 79.847961
-353.43451 81.432607
-274.55414 72.153498
-393.45575 82.872954
-417.23710 88.958692
-385.75972 82.462930
-285.21256 72.432215
-362.59092 80.966567
-217.85853 65.474777
-276.03868 72.731239
-351.13982 78.636598
-376.64546 82.192456
-243.45607 67.417582
-285.05905 69.696833
-372.49225 83.771602
-391.98639 84.551595
-368.15542 82.702334
-253.09877 67.541695
-327.92140 76.109719
-340.48778 78.706188
-350.10709 80.502705
-276.61429 72.694478
-360.08147 81.084999
-329.71442 80.027392
-328.17595 78.505260
-241.31334 68.052191
-164.17970 55.735451
-363.56520 80.441084
-287.62779 72.818497
-360.52599 81.718849
-273.26649 70.006697
-337.19378 77.028631
-315.81022 74.280347
-335.02905 80.021385
-303.56613 75.095001
-350.76814 79.580394
-259.13647 70.950803
-405.49457 84.718648
-341.08519 79.606399
-358.97766 79.127991
-352.54779 83.838616
-327.84064 76.073262
-212.07084 65.384969
-269.37365 68.947784
-292.59669 72.157999
-336.02093 76.147250
-258.12488 70.918452
-344.54671 79.767185
-280.27441 71.240045
-397.59706 83.628396
-357.39373 81.422916
-333.95500 79.218824
-265.77624 69.660770
-284.27431 70.648752
-340.19732 79.282780
-316.29956 76.248955
-255.97762 72.176576
-287.91909 69.949865
-275.20504 71.700989
-331.32681 78.099852
-399.40615 87.028355
-273.41153 72.297293
-303.38516 72.871455
-272.03567 72.373905
-291.40600 73.044347
-329.80340 76.385349
-284.63933 73.526133
-340.44490 79.413862
-340.34315 79.252820
-275.91081 68.464700
-305.80289 75.659510
-345.09787 78.525022
-336.91610 76.658450
-325.94244 77.040099
-321.93853 77.126679
-366.97793 82.192389
-275.53877 71.300520
-383.96501 85.140602
-349.96213 80.157617
-343.81631 77.047208
-264.51532 68.651976
-310.07561 75.703618
-350.07618 79.964863
-239.71145 68.260349
-298.44330 75.533833
-307.07049 74.600491
-367.50969 82.384439
-326.07249 79.792892
-198.69576 61.450932
-257.77850 68.665399
-294.36727 73.343231
-368.10641 81.056666
-343.97681 78.944147
-307.26706 73.315848
-276.72524 72.020085
-281.57292 71.504928
-330.96560 77.306977
-216.92649 65.213972
-267.03777 70.215548
-351.38514 79.731677
-266.53949 72.597253
-272.44562 71.945821
-335.39385 77.623693
-325.65218 74.174653
-338.40044 78.834268
-338.81102 78.164839
-285.73747 74.987191
-175.39763 59.354412
-328.60822 78.427420
-256.24381 70.126605
-270.13344 72.164742
-241.16850 65.443278
-324.66837 77.606524
-302.24005 74.597167
-323.49572 76.837679
-370.85726 81.161994
-344.66022 79.602741
-365.90691 82.928875
-385.57357 83.856749
-356.17843 78.895023
-386.27338 83.985735
-331.38054 79.169744
-362.08328 82.342102
-316.90590 74.806957
-348.23505 81.296963
-264.58327 69.273326
-335.12135 77.863447
-351.01107 79.303740
-319.23137 77.008251
-372.57746 79.313558
-308.92168 74.299356
-233.79920 67.312212
-351.76147 80.953616
-191.96307 60.977077
-298.63594 74.264510
-254.37073 70.188749
-347.01817 81.788896
-383.64492 84.781654
-299.50828 73.561968
-268.46060 72.636042
-298.87856 72.727884
-344.66433 79.912633
-321.53223 78.855578
-340.90152 77.897426
-276.26766 69.833134
-304.43663 76.607580
-259.88404 71.115249
-311.21843 75.030651
-281.79840 73.939537
-348.77711 81.575786
-235.34608 67.433856
-273.27539 71.401581
-406.37358 86.367073
-324.05319 76.156000
-302.55580 73.442545
-331.60797 79.053833
-309.97632 75.326872
-343.04314 76.829235
-264.00627 67.715979
-332.74388 79.983902
-281.92791 71.816527
-279.21363 70.898514
-295.61385 72.040957
-371.03143 83.111238
-394.74880 83.568914
-359.20693 81.749032
-303.22893 74.768470
-268.42631 69.426622
-321.11881 77.155144
-384.76999 83.789488
-327.68991 79.877227
-386.71296 86.359632
-410.29334 85.923237
-349.76800 79.829652
-279.18277 70.604121
-198.39744 61.709796
-325.53444 76.969862
-326.08165 77.758099
-238.55079 67.673444
-338.07470 77.749877
-338.80070 76.350382
-331.70200 79.099813
-288.88992 72.725557
-349.11586 81.035558
-354.20956 84.402617
-374.68737 82.537054
-305.41320 78.696962
-377.97440 80.578051
-314.94417 75.318640
-261.20234 69.548358
-278.68260 70.616008
-280.13275 72.363646
-320.86334 74.689843
-288.65299 73.086841
-383.85369 84.234802
-313.32775 76.495548
-325.72964 78.183350
-373.41822 83.366194
-367.10902 80.754718
-226.69166 66.011001
-265.53095 69.590754
-345.65332 80.631009
-353.07073 78.662664
-362.30089 82.343942
-333.02723 76.490707
-177.02569 59.183014
-357.18652 81.031222
-401.16810 86.147965
-254.91781 69.376010
-333.78292 77.326081
-289.51140 71.496959
-262.70587 70.368919
-278.79210 71.562628
-313.06221 74.030380
-414.19890 89.967601
-428.85955 89.554692
-278.97879 70.411066
-274.05690 68.758405
-195.17689 63.288896
-331.31953 78.517350
-313.69450 78.324902
-390.55339 84.950937
-336.16894 78.823788
-348.56830 80.016198
-345.69259 80.226353
-347.59431 80.821818
-389.56249 85.039500
-364.47024 81.898160
-258.59353 69.496307
-342.93937 79.249709
-315.42221 73.831268
-375.74456 84.004736
-324.32102 76.378258
-381.63346 84.058333
-316.96545 73.315337
-372.09646 85.152469
-328.23404 76.130087
-264.19011 69.420237
-253.68518 68.623743
-293.46720 74.720512
-279.26429 72.585650
-203.31360 62.630515
-226.81154 68.354627
-300.89371 71.061730
-267.30492 70.600435
-310.36742 74.902750
-312.32875 75.528848
-302.63090 75.985948
-273.17964 69.129159
-312.63151 75.017010
-279.64974 71.577149
-322.66841 75.970257
-330.70348 76.567904
-458.99014 91.587252
-212.79188 62.822736
-347.15474 79.182505
-282.73927 71.740891
-287.17503 70.298568
-352.47270 79.642682
-328.02254 76.861881
-228.02038 65.961248
-369.72232 82.470941
-326.34019 75.679401
-325.90941 78.045359
-272.62115 72.727749
-281.48582 71.744037
-290.44801 72.470504
-304.95511 73.834157
-232.96765 65.701690
-329.59217 77.556450
-385.99777 86.590267
-288.34037 73.051442
-391.68937 83.192097
-332.53243 78.244327
-285.91317 70.142545
-334.17803 77.754943
-315.31191 75.709116
-369.95790 82.992386
-300.26027 75.321630
-288.99964 74.114494
-331.70175 78.799407
-268.14849 70.831367
-325.25544 76.177325
-353.57145 80.528736
-223.47646 66.394784
-243.27174 67.874467
-355.94042 81.910128
-349.07889 79.684719
-383.31484 84.232245
-369.05355 80.631080
-339.82991 78.511146
-329.62922 77.798352
-323.11109 76.946188
-282.32092 72.006563
-331.78357 78.472921
-177.44908 58.830879
-298.86209 74.847587
-316.84538 77.091447
-414.17238 87.099861
-279.62869 74.603731
-278.02168 68.310075
-341.02676 79.698122
-253.25332 68.214086
-289.54482 73.986979
-306.68446 75.725476
-325.28110 79.279711
-383.44852 82.788538
-318.27269 74.597883
-351.72557 81.718241
-225.41253 66.996433
-272.37082 71.930928
-346.50038 77.293586
-305.16003 73.156489
-372.06887 86.032530
-376.92034 83.741342
-419.84567 87.936582
-356.40970 80.981592
-295.42954 74.162773
-440.36162 92.978370
-304.55878 75.677545
-355.18061 77.448112
-311.60645 75.282796
-247.21986 67.097911
-334.47599 78.940511
-289.67105 73.002466
-322.39976 78.057814
-288.37493 74.424316
-286.69214 73.100703
-326.59526 77.748451
-297.29503 74.142130
-380.01692 84.016733
-301.00344 75.282810
-303.83951 74.904961
-266.05958 68.146830
-362.66556 82.888271
-368.68831 80.637924
-297.19510 75.998983
-300.22732 74.512235
-383.42840 82.675694
-270.80300 72.005684
-287.05987 72.858058
-394.06851 85.745720
-307.00606 77.160530
-282.34687 73.384116
-410.69002 85.180096
-386.64195 84.436810
-357.31489 79.263354
-390.90895 87.426675
-253.23311 66.090251
-366.52990 82.380864
-361.84113 81.953050
-293.26727 75.332913
-323.91392 78.487380
-288.85678 75.062524
-296.76466 77.895733
-288.11929 70.350497
-381.36336 84.095462
-343.60317 78.770023
-404.92864 84.095651
-370.10997 81.038342
-322.55448 78.774248
-193.53613 61.301759
-203.17591 62.270066
-325.94929 78.100727
-373.04866 82.835125
-323.44834 77.549575
-337.85358 80.043569
-316.41862 74.744369
-297.75712 74.183761
-323.75525 76.283193
-320.65599 74.275314
-273.25761 72.098307
-251.39316 68.147762
-337.30167 80.668538
-427.10674 88.597017
-277.98827 72.337564
-422.89891 86.736891
-348.65000 79.638262
-290.70917 73.698112
-382.76088 84.201673
-328.98363 76.627357
-407.53603 86.436802
-271.45470 68.560613
-393.98951 84.286244
-298.17315 74.581758
-314.58163 76.749571
-329.65398 76.659673
-259.43662 71.375690
-309.95733 76.665616
-292.66135 73.567403
-279.72475 73.215335
-331.45217 77.802857
-360.10153 84.669554
-267.71677 70.465658
-242.06831 67.234543
-286.04998 74.538638
-319.78400 73.843986
-303.54374 74.455004
-294.59539 74.262579
-314.41144 75.250323
-321.66131 77.302521
-300.54967 75.168921
-280.33184 72.017554
-390.60921 83.122170
-298.00934 75.329766
-336.13973 76.336343
-276.52250 72.700704
-265.61243 71.215936
-347.55288 78.076972
-391.76000 85.221444
-343.00764 78.898149
-281.49068 71.677402
-331.00643 80.029207
-325.52906 76.837632
-280.71774 71.903746
-344.18554 78.826298
-379.24614 79.574870
-317.97088 75.542506
-361.51311 78.126896
-336.68067 75.933492
-331.85181 77.877764
-295.04410 74.119738
-383.61873 84.506085
-280.11939 72.902574
-269.55094 70.536119
-320.79026 76.126144
-362.55239 81.769627
-430.81233 90.046520
-287.22076 73.990205
-325.07473 76.613160
-309.59370 75.704819
-366.30819 80.515867
-261.51036 70.290203
-318.40234 75.598448
-314.74948 75.061089
-264.89104 71.099005
-263.46838 70.350650
-314.75027 74.600917
-332.32503 76.888803
-376.77922 82.973887
-306.14927 72.849410
-397.10856 83.981799
-292.93277 74.229452
-380.75244 85.615228
-345.54659 80.166081
-353.21738 79.716669
-339.38076 79.443175
-346.47527 77.355597
