-299.92003 65.381083
-372.96195 72.641406
-373.02674 75.909539
-317.71787 72.220636
-303.54633 68.184960
-324.60753 71.703250
-328.34650 71.283588
-208.45668 59.334822
-299.85328 67.209217
-304.08774 69.026056
-329.23003 72.221962
-306.93480 69.473673
-332.47424 68.487819
-365.15148 76.072090
-218.33255 57.818962
-299.31749 67.331368
-322.08866 67.627457
-337.77115 71.121302
-307.71825 68.456673
-351.16723 73.462866
-228.28149 63.631168
-227.07230 59.318628
-226.40319 62.161380
-374.10564 75.675237
-361.34102 74.402325
-350.10889 73.182728
-339.59241 71.676141
-377.20867 74.610995
-359.36657 71.925385
-288.56616 67.411530
-286.64233 66.707062
-390.99930 76.510579
-350.29042 72.771402
-267.05040 64.581856
-324.10409 71.390746
-298.67293 69.885718
-386.97862 76.991468
-330.33330 70.791631
-317.79217 70.880916
-285.11096 64.526849
-349.82286 72.134923
-418.67621 80.077205
-247.70025 62.978976
-212.07296 56.098416
-271.70535 62.665951
-300.86276 67.186217
-338.27229 70.991774
-331.10223 72.055566
-296.26747 67.256209
-274.29549 61.753826
-306.04317 69.415775
-328.96945 70.609980
-388.09348 77.776606
-402.35576 78.461009
-339.95580 72.065095
-247.92826 63.950675
-306.22522 69.674399
-266.42905 63.061823
-326.18009 70.886584
-293.84551 67.629189
-256.99882 63.921247
-300.19784 63.351261
-348.14554 74.016871
-304.78293 67.415334
-305.26358 64.333305
-366.20988 75.085981
-283.00059 68.025891
-250.64032 62.313444
-384.74352 75.372294
-366.45946 74.200203
-364.89730 72.053100
-373.93898 74.484997
-395.18206 76.928500
-350.56221 73.205148
-285.67685 68.036555
-371.08558 73.687483
-355.10212 73.281391
-331.08310 68.932706
-183.01646 55.489670
-316.36606 69.303766
-413.69892 80.527457
-235.55458 61.204230
-313.56523 67.951675
-331.13157 69.851336
-326.28636 70.256233
-244.50057 61.105689
-317.75884 68.943177
-306.06494 68.870148
-342.40146 72.125511
-310.24126 67.842168
-338.21182 71.118738
-302.20373 71.565189
-344.90664 71.095212
-414.72562 80.555567
-340.02702 71.986681
-250.23614 63.496066
-348.27586 71.644694
-318.14195 69.743210
-278.95250 63.595739
-333.96473 70.407698
-338.09041 71.321087
-311.86385 67.844336
-370.54267 72.533616
-309.51312 68.779931
-343.75729 71.450899
-304.94219 68.637513
-381.69405 78.634615
-321.75193 69.597063
-296.24646 67.042384
-336.97359 72.889775
-312.32462 68.893575
-298.37778 66.579645
-300.89620 66.510169
-337.58690 70.723096
-365.96085 75.073295
-328.74560 70.167267
-303.06208 68.485126
-258.68357 63.205528
-349.46614 71.550635
-300.73096 67.194357
-396.52291 80.217078
-279.87384 65.236934
-282.26866 64.415939
-189.53736 57.148604
-276.73001 67.033960
-243.52211 62.660384
-279.79380 64.422564
-378.97038 75.184524
-401.01202 79.404358
-327.39286 69.495931
-390.45309 78.530644
-317.40023 68.984740
-322.44467 71.570978
-321.80864 70.087718
-327.00205 69.433550
-263.59425 61.350809
-228.26353 60.909070
-378.70791 75.582826
-295.09547 65.844527
-373.32101 75.529967
-261.23193 62.604157
-328.98372 70.076913
-412.11571 77.974162
-251.12417 62.995424
-330.03912 71.671138
-304.04081 68.145767
-266.84769 63.030321
-346.20632 70.903266
-317.35802 69.642403
-422.01081 79.675256
-351.75784 74.749692
-391.99926 74.592138
-267.22960 62.199287
-275.24115 66.303801
-366.89542 73.853723
-287.06178 66.571911
-272.77984 64.462708
-273.48683 62.154064
-341.34742 73.422319
-384.06973 77.149134
-326.85392 71.393786
-337.29890 71.900287
-316.70064 67.858013
-327.09835 70.445439
-329.87141 68.978558
-393.96885 76.358266
-306.65998 65.447162
-241.05670 58.854188
-280.85258 66.698257
-286.32277 67.749279
-314.56716 68.246340
-265.56826 65.438262
-278.93138 63.263257
-374.26765 73.154339
-238.45083 61.255223
-339.07784 73.174475
-303.67740 68.805595
-373.76560 75.715871
-365.17303 73.721436
-345.61032 73.467280
-259.76347 64.677561
-302.95175 68.024070
-266.57110 63.111601
-334.25752 72.199322
-238.07410 61.195583
-326.43605 70.279708
-392.37014 77.421543
-237.73498 61.057254
-306.00099 72.669656
-393.29440 76.807767
-288.31695 64.337154
-298.50418 66.673120
-334.76324 73.009395
-314.50351 67.255948
-342.88921 74.188149
-295.87172 67.123519
-358.13771 73.295821
-329.69776 68.463334
-298.77354 69.233500
-317.41655 67.468633
-315.06094 69.189938
-334.90223 71.241838
-311.94233 68.452383
-288.74725 66.903133
-372.70156 75.680572
-380.08796 75.469379
-360.35912 73.449104
-257.34459 64.060682
-317.57715 70.798516
-337.75175 72.564379
-357.34819 73.971141
-319.68162 66.812517
-306.83853 68.085901
-261.51687 63.928102
-279.88340 65.542958
-375.93698 76.898765
-384.17975 77.156856
-321.51578 68.082150
-320.87746 70.208108
-328.91426 69.012554
-291.11635 66.209568
-308.92016 68.031347
-256.16601 62.379092
-353.29943 71.631106
-246.81015 60.172020
-235.32275 60.446010
-332.60045 69.943062
-250.40233 64.656291
-334.33919 72.232065
-350.85506 73.461801
-394.87508 76.669565
-268.48936 62.354693
-239.61691 60.488154
-374.45161 72.900527
-315.80869 68.858843
-315.89289 70.331017
-291.33224 63.963129
-329.89967 70.173718
-340.41485 71.447294
-356.52045 74.315176
-351.92415 74.156714
-294.82775 64.994942
-327.16025 71.788930
-327.75271 71.872926
-344.84943 72.481131
-325.74144 71.736303
-352.46973 72.255725
-273.39610 63.632647
-255.43539 62.368252
-339.55754 71.270640
-339.42895 72.051911
-199.08728 56.686216
-281.34355 64.771011
-347.73024 71.735274
-339.50708 72.261651
-318.71521 69.904689
-347.11206 70.865899
-300.02159 68.504041
-305.07403 68.601690
-288.13733 67.990049
-339.55115 70.844476
-341.84825 72.865580
-338.56508 72.952887
-335.30118 71.334681
-294.87226 65.246751
-300.12028 65.774889
-387.01849 76.720948
-199.89633 56.822786
-282.96716 63.829339
-404.41498 79.401912
-364.92607 75.728066
-230.59974 60.394426
-192.01444 56.580647
-239.80391 61.000037
-344.83543 69.322428
-344.43273 74.342654
-285.53369 65.628172
-315.59079 69.786249
-226.90237 58.593531
-278.94911 65.242316
-437.62021 80.613182
-261.07310 63.624158
-364.61641 74.801063
-391.41866 79.212040
-319.21231 70.489555
-284.17823 65.255881
-337.17450 71.502310
-303.92473 66.822764
-342.54692 72.478221
-247.72995 61.276117
-371.98521 71.885577
-378.41676 74.019853
-293.08931 66.884836
-379.55657 74.765048
-276.37270 63.925022
-238.81521 61.183506
-294.50811 66.207891
-363.16275 73.774533
-284.51261 68.183858
-399.00758 76.638871
-323.60180 73.025177
-237.75505 60.207685
-240.53642 57.911903
-288.29371 67.254538
-428.71027 78.158621
-276.63897 65.610690
-262.33972 64.045835
-291.81398 66.972879
-285.67218 67.293209
-278.86146 65.181169
-298.02940 66.094894
-319.33989 71.178937
-329.66581 69.411880
-193.46826 56.012627
-244.03831 62.354045
-357.65765 72.093783
-319.77904 70.729068
-349.12047 73.812625
-299.54492 67.703733
-298.50273 66.859357
-330.42683 71.055072
-298.53605 69.291425
-280.15166 65.555425
-323.50850 69.355694
-365.33814 74.277299
-323.43379 71.105760
-299.52342 66.638069
-325.62328 70.286629
-299.07136 66.662184
-435.48120 83.824339
-294.95620 65.378269
-325.94196 68.549058
-304.51254 65.392000
-362.70641 74.096138
-229.43994 59.591950
-409.17895 81.060911
-333.96682 72.141603
-401.71232 78.162796
-422.00261 79.241432
-398.51723 80.455883
-305.79410 68.612480
-276.14266 64.922217
-290.68059 65.459971
-252.81546 62.491569
-256.80795 59.803621
-406.46441 79.208191
-342.85155 73.002970
-339.34849 71.597702
-296.29059 67.108760
-280.67405 65.267629
-364.67458 75.331423
-329.31242 67.352183
-316.30285 68.453250
-356.68763 72.331714
-290.07689 67.122322
-330.96391 70.205304
-328.09184 69.340802
-196.68032 53.134650
-311.91788 66.683281
-302.18663 68.390394
-195.56842 57.891775
-356.17147 76.754915
-285.50624 66.066446
-304.30309 67.054601
-302.11863 69.349627
-348.32678 71.090936
-307.49441 68.027012
-328.47637 68.706337
-287.00649 66.262547
-314.61335 67.294786
-403.69968 77.976069
-402.70259 79.695049
-243.78356 62.714203
-363.88016 74.752400
-384.59818 78.650382
-224.18300 60.184910
-234.43899 59.414853
-307.52609 69.631375
-350.51930 73.014261
-249.10974 62.737275
-303.68691 68.668309
-388.15149 75.907652
-238.29195 62.013554
-343.72666 73.081443
-323.82953 70.872404
-411.38569 82.456524
-352.49239 73.562105
-341.69784 70.601895
-356.39274 74.413805
-326.63145 70.823931
-300.98866 69.462963
-203.95964 57.210892
-311.18027 70.578669
-374.37422 73.633070
-356.84094 74.139552
-373.85528 73.796758
-376.56847 74.873294
-273.30988 64.271813
-316.23423 69.388473
-340.99121 68.502740
-208.25170 56.475284
-348.37655 72.656193
-376.51983 75.265475
-374.35855 76.814905
-269.44983 62.707912
-268.92981 64.742246
-218.50937 59.073598
-388.60622 77.268012
-237.58710 61.108422
-244.11519 63.210308
-374.05239 76.267796
-356.36522 74.451025
-218.13933 57.495883
-388.01065 77.110804
-319.65573 72.200866
-329.43388 70.315900
-326.89422 71.753296
-422.08712 79.080293
-263.76633 63.830894
-315.48849 67.516174
-376.33772 75.703655
-267.48622 63.647078
-284.55656 65.904673
-416.69532 82.010942
-320.82907 68.553372
-333.65737 70.379889
-322.84375 70.365167
-319.88077 67.371846
-342.08493 73.736778
-322.91023 70.388014
-306.69185 68.231637
-373.27596 75.008310
-323.14101 67.228700
-327.24649 71.731010
-260.35952 62.856996
-409.67936 78.470080
-251.03737 59.113049
-308.52135 69.549686
-348.66155 75.374123
-364.00571 72.864158
-342.58238 72.593852
-288.06388 65.858752
-266.69357 62.604975
-230.27644 60.162884
-229.85330 61.481015
-322.91117 71.236254
-305.74022 70.052709
-329.34181 69.907083
-278.45924 65.760120
-382.04753 75.815017
-331.91286 71.179356
-282.53338 65.913941
-336.20642 72.410737
-360.40030 73.338188
-340.74600 71.330408
-308.05281 66.731821
-308.62096 68.142281
-325.09154 68.658854
-318.33532 68.457856
-379.33931 75.486154
-275.99268 64.656971
-311.78701 68.988588
-278.38925 64.599543
-279.85358 61.272724
-274.31806 65.512076
-293.33599 69.444975
-256.58654 64.354772
-330.19553 70.497942
-340.86756 71.979509
-235.74676 60.387729
-314.67847 71.045952
-396.66523 78.229295
-339.41536 71.010385
-312.49678 69.257427
-351.68304 74.021363
-270.57170 62.623611
-286.63549 65.857030
-370.72709 76.301618
-312.53444 69.217963
-327.86847 69.858328
-347.18546 72.350273
-337.88239 71.518362
-343.32228 73.276290
-219.32085 57.618380
-342.28881 69.423193
-371.97670 74.218512
-257.37364 63.290052
-288.85410 66.419855
-369.09341 74.530580
-284.23932 63.201567
-339.22142 70.202344
-246.11324 63.999582
-271.60245 64.528307
-318.80656 67.924360
-314.72737 70.506056
-337.50228 71.062410
-313.38571 69.194762
-337.61417 71.307027
-325.61627 71.116240
-297.85066 67.251906
-333.66153 72.593047
