-265.88759 55.382704
-207.79069 50.658672
-333.39421 64.636855
-276.32462 59.130240
-255.40895 57.390545
-281.92615 58.183978
-304.64910 60.896455
-392.78093 68.875532
-376.54470 68.409792
-244.07854 55.118049
-378.04923 68.133507
-287.76963 61.877699
-336.74326 64.764486
-270.07934 56.337314
-270.30702 58.662703
-283.49775 60.177748
-359.19309 67.167865
-359.02227 65.408449
-260.78839 58.397242
-317.61931 62.087838
-284.19510 57.795006
-280.06808 57.570073
-267.35497 56.503642
-248.39165 54.617469
-312.52952 61.647327
-309.83163 61.111699
-273.16421 57.802525
-375.47492 70.842212
-294.92949 58.916148
-356.35732 66.787789
-371.19314 69.280607
-299.88922 61.647972
-313.71422 61.729222
-290.57677 59.627966
-335.46298 64.414123
-321.26199 63.984834
-289.23393 60.650893
-276.30371 56.677609
-257.17633 56.114257
-313.52775 62.406021
-320.60000 62.868164
-341.76610 64.688421
-259.62153 56.210498
-248.07016 57.899956
-276.42755 57.218163
-263.61922 57.465340
-333.22373 62.133045
-387.08144 70.413828
-305.73606 61.056600
-293.03109 61.048494
-349.26196 66.817627
-344.53839 64.077571
-401.52564 71.118645
-361.59977 66.465345
-317.67647 62.033426
-263.99006 54.505263
-350.30359 65.083769
-237.75237 53.307253
-315.45127 63.414995
-360.46063 65.776026
-321.48290 62.505899
-303.07069 64.697829
-355.17051 66.811268
-215.72506 52.335730
-227.62021 54.747793
-355.19633 65.861805
-321.42593 62.832819
-326.70222 62.713726
-315.88840 61.488336
-277.00509 57.974062
-332.61315 63.849492
-304.16306 60.481223
-376.08321 66.672065
-341.81664 65.306092
-296.07758 62.126672
-265.25944 57.910809
-328.06124 62.213534
-314.60725 62.697890
-345.16375 66.315068
-358.31878 65.375308
-284.85044 61.820243
-303.18509 61.141928
-320.65562 63.594410
-321.62030 61.651854
-386.82127 69.801924
-297.22648 61.410204
-287.80843 58.791665
-356.12180 66.971455
-273.89622 58.139845
-307.98614 62.823612
-344.69373 65.434041
-336.84782 65.382977
-283.19359 59.059334
-295.84077 59.570387
-347.66565 65.883627
-363.05292 67.080104
-297.28219 61.476660
-323.12785 61.803140
-243.46668 56.525171
-336.07668 64.160799
-260.79815 56.809384
-326.60652 62.139208
-323.16543 61.662633
-307.58000 62.831803
-451.34463 75.778386
-285.56058 58.503530
-300.06000 60.780881
-317.82297 63.729059
-390.14767 69.088164
-358.31129 65.580404
-270.65354 56.606279
-359.22809 67.200764
-229.36877 54.932863
-300.53928 58.265217
-331.08224 64.129485
-333.74880 64.271090
-248.34875 57.576848
-293.99937 61.093947
-276.81431 56.997701
-370.25004 67.455888
-364.63357 65.915710
-291.45509 60.134686
-231.13831 54.721973
-333.88010 63.677090
-206.85099 49.631944
-356.52311 66.866780
-292.63970 60.749582
-305.84717 63.603267
-317.16223 62.489408
-296.32586 62.188870
-205.90122 51.749170
-363.90241 69.301050
-322.78866 63.393895
-310.06670 60.874818
-271.46996 55.087679
-285.03918 59.627531
-360.82031 66.618494
-343.41324 64.729638
-396.15198 69.798480
-216.23081 53.359180
-258.48017 57.321182
-242.04638 54.158352
-302.31525 59.863092
-247.39337 55.741510
-388.88976 69.643559
-302.30109 61.004787
-252.81442 56.099757
-322.58648 63.050595
-284.55684 58.922677
-188.63234 51.607458
-374.43026 67.869667
-346.71299 66.542283
-347.79123 65.899927
-243.37622 54.918029
-271.93642 57.961368
-243.21606 56.155367
-315.03298 62.901524
-377.66902 68.193246
-261.09814 56.650242
-358.71137 68.699119
-311.54179 62.023114
-347.47358 64.098126
-390.69656 70.926694
-288.84881 61.212587
-218.09838 52.331206
-348.00449 63.900263
-229.63532 55.553947
-334.21821 65.298940
-314.90230 61.607124
-315.84278 63.720779
-272.39843 57.701454
-352.84798 65.650884
-427.95415 76.726539
-397.86373 70.574930
-277.07004 56.655993
-188.97369 51.358768
-277.24607 58.502673
-284.24727 58.993355
-345.15182 65.744998
-317.36515 61.217454
-303.89647 61.597173
-373.07996 66.064135
-284.83490 58.776577
-371.46104 67.636186
-303.45079 61.820935
-245.91826 55.250012
-301.74347 60.271265
-327.16206 62.762500
-371.11964 67.853043
-343.48368 65.031325
-135.36133 43.479550
-327.94910 65.621662
-309.90322 63.771031
-344.96875 64.446373
-350.08058 65.525155
-289.74059 61.615205
-273.01202 57.654689
-326.53281 62.926082
-303.78176 60.287815
-309.49701 60.133873
-299.59596 60.590804
-309.98858 61.570894
-264.83708 56.769786
-317.71538 62.993146
-346.79061 64.548252
-312.93065 62.426098
-385.85654 69.594440
-347.51125 64.193491
-318.18075 64.946957
-329.35345 64.016847
-343.96486 63.159893
-352.88146 65.096193
-283.75457 58.238989
-348.66647 65.977231
-313.65492 61.225168
-269.05248 57.543460
-345.33728 65.010615
-262.13255 56.869704
-363.35588 66.637462
-371.55082 69.802970
-229.07141 54.392273
-324.15748 63.941483
-324.71715 63.524305
-287.94742 59.188620
-394.49582 67.854605
-329.31720 63.097226
-229.66422 54.754810
-294.40823 60.006744
-291.39742 59.420540
-237.21094 55.808468
-398.39907 71.076328
-301.64892 58.892032
-329.49161 63.908040
-307.14500 60.263498
-329.07061 62.082343
-308.76195 63.036477
-342.86415 64.509471
-327.92156 63.549196
-342.88662 65.865757
-296.77399 60.554431
-249.57829 56.347216
-266.71396 56.404325
-282.47964 59.703397
-346.18878 62.227262
-268.55268 56.828172
-370.63988 66.482001
-284.54277 58.685073
-304.97852 63.719136
-360.33957 66.018610
-355.80795 66.199670
-182.13719 49.162484
-326.63859 62.125594
-180.45223 48.483829
-351.51585 65.955828
-368.68826 65.262324
-288.18295 59.645843
-226.17020 52.394341
-317.95458 61.384524
-262.44238 56.439051
-231.91024 54.126586
-365.35839 67.800600
-408.22433 70.960662
-312.13670 60.188703
-290.50043 61.293964
-298.73098 61.364994
-283.14403 60.132271
-274.59196 60.365920
-261.18461 57.510854
-279.71801 60.624975
-252.48799 57.159561
-332.63316 65.069345
-351.49707 67.011596
-347.55421 65.138501
-322.26243 62.182539
-377.04967 68.655557
-319.72842 63.088714
-352.44066 65.148110
-394.18621 70.613924
-435.95366 73.239172
-241.65236 53.680829
-374.62908 66.947364
-349.86841 65.207817
-248.25297 57.480483
-256.87781 57.204433
-297.33738 60.673450
-342.25989 65.058155
-343.23913 63.969121
-342.62295 64.295747
-286.17489 59.482518
-245.77424 55.784962
-298.48122 60.684023
-315.02020 62.724145
-347.19646 65.589731
-376.98962 67.367368
-306.09842 60.131097
-374.24452 67.391951
-329.07579 64.324104
-284.80438 57.295952
-301.49897 59.955276
-359.54050 65.060448
-313.28617 61.866625
-340.31808 66.064943
-302.35833 63.030888
-403.02771 71.537013
-337.44243 63.898384
-327.20128 63.023021
-303.13385 61.627799
-280.68101 58.051867
-279.67106 58.300092
-341.44118 65.290657
-338.49238 64.021405
-297.70226 59.800569
-299.72844 61.662145
-305.52246 61.800044
-357.64206 66.623285
-240.34318 54.557149
-258.15627 55.018468
-296.85140 60.663366
-255.71489 56.893259
-291.92766 60.602887
-299.69660 60.470414
-243.78742 56.045033
-385.30152 69.152941
-329.36172 64.822666
-289.21586 57.216358
-356.24573 66.184685
-309.21347 59.382043
-277.08146 56.878277
-346.38070 64.330567
-283.10073 59.917420
-411.19931 71.050958
-301.05400 61.194987
-271.02872 58.060993
-290.22199 59.825271
-298.61577 59.740425
-362.99018 66.522757
-315.27360 61.164564
-376.77545 69.207152
-235.07198 54.653483
-308.35326 61.392037
-275.73736 58.459354
-301.14619 61.346394
-298.95475 62.250745
-386.10681 71.949185
-268.31382 58.978041
-326.17301 62.212571
-285.06310 59.632358
-264.58116 57.325020
-333.09447 65.008953
-336.80224 64.469359
-396.53631 69.263215
-322.18864 61.331068
-265.75869 59.584082
-295.15275 60.464001
-247.59599 56.295366
-266.14668 56.026195
-272.69435 60.559518
-207.05318 51.509284
-364.73751 67.405152
-273.05362 58.492912
-342.70138 62.814334
-239.56943 52.997126
-269.63970 57.581734
-331.01310 64.260788
-378.92812 67.610027
-274.77972 59.041439
-285.04166 56.443164
-345.37861 63.527846
-320.94532 60.887474
-217.70349 52.589473
-366.63904 66.693570
-355.51673 66.247734
-315.03532 63.369272
-282.01599 62.052819
-293.58999 62.923647
-273.84649 58.368015
-247.92987 55.584804
-268.78208 57.557326
-281.98617 61.065521
-287.45637 60.339038
-326.28651 63.644483
-285.04258 60.916822
-274.60937 57.765749
-385.75902 68.325935
-304.02178 60.372719
-339.98789 65.639420
-381.17005 67.533401
-307.26976 61.540112
-277.08457 58.503346
-274.92064 58.681283
-315.51397 63.186828
-191.88540 49.644743
-255.51459 55.585659
-285.98043 59.535863
-367.20553 67.113832
-388.39562 70.126383
-299.09757 60.236872
-224.46650 49.969831
-271.50920 60.167373
-318.85904 63.768452
-243.29183 55.018409
-379.51860 66.953565
-337.39931 63.587321
-328.90295 64.339480
-298.63361 60.946619
-280.16277 59.797306
-328.00844 62.373545
-312.15943 64.991718
-310.11637 60.359725
-250.91290 56.635430
-185.97663 51.943926
-333.32366 63.322541
-328.30138 63.175481
-352.26209 66.381219
-339.84631 61.977145
-315.47109 63.676888
-274.78657 58.079606
-348.11511 64.840233
-257.42567 54.755663
-265.10704 58.680426
-328.17743 64.337975
-329.24744 62.623773
-309.66929 62.796672
-277.34527 60.490393
-327.95157 63.144647
-391.16718 69.231864
-295.46537 59.841726
-176.09196 48.506726
-372.27379 67.405866
-294.09679 61.335544
-244.56472 54.905982
-393.92278 71.074798
-244.53196 55.037222
-381.01804 69.238545
-315.18332 61.283437
-275.35343 61.010883
-348.57148 67.576498
-262.13564 56.614328
-296.89497 60.083268
-339.28717 63.124084
-274.50924 57.827513
-345.70465 66.357630
-382.76387 68.016455
-364.74017 68.158295
-290.07759 59.189860
-369.85114 66.648820
-298.60997 61.940469
-247.04409 55.914732
-341.61904 64.838140
-333.69906 63.113279
-384.10258 70.378860
-262.24685 55.597288
-372.48323 68.095837
-325.99370 63.013309
-306.79234 60.306534
-277.84049 58.343957
-364.06806 67.053760
-346.28628 64.346101
-288.29278 56.790890
-296.26870 61.032813
-291.71917 60.389345
-310.15658 61.248564
-281.17253 58.529708
-236.55238 55.577468
-259.85165 57.038998
-282.62761 59.448736
-341.25013 65.930533
-376.06900 68.320617
-284.40906 60.833397
-419.54549 71.047157
-345.44217 63.036892
-311.59099 63.062752
-304.62892 59.585249
-317.86150 62.938241
-392.99640 68.162867
-315.44856 62.616866
-394.63192 69.357090
-355.21875 67.466853
-268.07581 57.540758
-267.54214 56.841678
-282.17677 55.302624
-368.66693 65.742030
-217.12957 52.538512
-365.55669 65.612491
-385.21758 67.969970
-300.44388 59.868276
-319.72732 62.881777
-223.56463 52.591924
-234.74212 53.744718
-311.65545 62.761813
-366.82183 65.449920
-307.29853 62.673666
-188.24108 50.160742
-213.31393 54.734797
-317.36247 62.360669
-346.68372 64.876152
-228.50730 54.129626
-317.44556 63.283287
-322.38067 64.180608
-332.22433 65.442626
-287.33638 58.447370
