-325.44724 56.206804
-298.96855 54.252791
-220.96002 47.433809
-324.76306 56.846767
-366.26067 58.371404
-281.26904 52.681850
-317.26869 55.537117
-272.65848 52.582759
-275.05394 52.348189
-319.13666 56.380059
-335.49395 58.121309
-356.73040 56.396794
-295.67373 52.004186
-344.56063 57.441680
-430.72358 66.388875
-315.70630 53.811544
-265.83982 51.297625
-388.88116 61.664305
-234.53305 47.565026
-271.26183 49.761208
-278.49230 51.868142
-271.94047 53.273488
-303.24832 54.906218
-316.29718 54.260009
-309.63605 56.030300
-282.80697 52.025853
-245.81731 49.241250
-269.36419 50.540837
-367.87133 59.764098
-300.63980 53.980587
-355.61804 60.378289
-355.01047 59.403826
-277.34533 50.067904
-287.66828 52.865126
-250.68255 49.369451
-272.21871 54.858006
-286.30498 52.923012
-300.46005 53.020293
-409.40199 62.665752
-258.80898 48.946596
-256.80790 50.536699
-317.41459 54.976668
-376.63687 59.697627
-241.26379 49.707335
-369.68130 61.133147
-268.72928 52.235375
-347.51601 58.512948
-287.07466 54.713448
-304.59633 55.964391
-294.11992 52.215981
-337.48205 58.533263
-343.36174 59.304238
-349.61638 59.034706
-252.25726 49.164400
-268.46638 52.729140
-325.54473 57.491698
-271.27236 51.641610
-284.30976 53.815932
-304.91967 53.774568
-193.91757 44.230553
-315.74520 57.043730
-353.55429 58.430504
-293.54496 53.167287
-398.47676 60.018352
-270.19985 52.715096
-332.65163 56.343364
-339.40794 57.890398
-312.90508 55.237493
-352.94007 55.306594
-278.76828 52.241850
-305.16184 55.193865
-275.07280 51.628362
-292.09210 54.024712
-301.56384 55.092345
-182.56915 44.104952
-276.73808 51.936168
-348.87104 59.574965
-236.09131 48.167717
-358.72316 58.476421
-193.77192 44.257827
-346.89860 57.957531
-334.37094 58.944365
-348.74764 58.835152
-360.94928 60.438015
-318.55861 55.638829
-393.89593 61.484441
-316.76320 57.544319
-322.46576 56.762139
-315.75820 54.442229
-256.82361 50.634175
-386.54741 61.863659
-348.41378 56.951079
-292.18643 56.170284
-311.06061 55.012777
-370.59048 61.174867
-299.74608 53.242015
-306.26725 53.934499
-347.08151 58.227990
-214.44858 46.584313
-289.02334 52.317229
-330.88283 56.042122
-263.00764 51.604900
-405.18998 62.777694
-340.20630 56.040737
-263.69497 50.214473
-325.91511 56.587050
-357.40886 58.623573
-345.85762 57.680733
-353.36384 61.215712
-263.79247 49.932228
-354.12419 60.564409
-356.92690 59.111147
-265.16447 53.317366
-259.41839 52.419500
-338.91629 57.089351
-390.76782 62.700621
-258.56261 50.980474
-370.99146 60.436028
-341.93443 57.477977
-330.59612 57.172158
-261.87473 50.667958
-302.23535 53.992613
-312.68140 54.643547
-309.21111 53.570623
-289.53557 53.082558
-334.37486 56.796038
-362.43198 60.240346
-270.45096 51.744680
-250.62244 50.185878
-350.03471 58.317000
-365.05557 58.728579
-256.01467 49.894500
-434.62049 65.652486
-270.00872 51.848265
-261.37361 51.819771
-372.79044 60.370507
-273.94229 53.458642
-323.92977 55.639351
-284.09662 53.869073
-336.87924 57.048180
-308.79896 55.792678
-397.60478 62.622393
-251.15166 49.720348
-360.12526 59.630229
-342.14735 57.421800
-252.98515 50.725420
-404.37563 63.933602
-366.42369 60.049538
-277.79001 53.395198
-211.21895 46.631173
-346.03805 59.431493
-239.67671 50.708565
-281.45546 51.166512
-337.28661 57.167363
-276.50420 52.695772
-351.05898 58.616924
-345.72446 57.395376
-305.75821 55.242794
-366.14980 60.975865
-315.33830 55.700152
-330.71301 57.125765
-315.92275 55.283754
-293.64902 54.195153
-295.80212 54.367519
-330.22027 55.753417
-248.53873 49.968923
-278.73804 51.971645
-389.46954 61.112087
-381.76077 62.141326
-261.80167 52.362017
-325.61803 54.877419
-267.46341 51.366017
-339.69455 57.672027
-363.84614 59.106676
-364.01521 60.753527
-358.28238 58.425222
-363.00386 56.900432
-311.83051 54.684801
-291.10807 53.631304
-249.30379 52.462566
-291.60777 53.107588
-313.19833 56.818389
-307.24509 54.437490
-319.01198 54.203471
-432.72432 65.394600
-227.92632 48.830022
-328.65663 57.000225
-438.28956 67.210714
-364.45121 58.345971
-334.59715 57.634377
-292.76059 54.717559
-291.93277 54.249929
-428.78008 64.162813
-442.33952 66.806191
-263.67622 53.156047
-279.42158 52.864488
-402.95392 62.979546
-286.33416 51.940279
-339.34989 55.266652
-365.57709 61.839992
-286.21717 52.888353
-271.16026 51.463029
-337.04250 56.396670
-343.36287 59.179634
-303.70199 54.122777
-278.64762 52.231618
-382.53306 62.221303
-342.90342 57.862688
-182.63136 43.250347
-350.60079 59.051882
-350.22976 57.239660
-390.15273 62.075691
-328.01073 54.249855
-310.78264 54.653874
-267.47561 53.092714
-360.51747 58.750008
-326.66606 56.591957
-316.02092 55.162636
-310.05872 56.977898
-218.19823 47.297951
-255.43990 51.011815
-301.25174 57.642574
-326.21834 55.844402
-400.33335 62.727867
-303.01337 55.014391
-254.33806 49.351140
-325.08891 55.459578
-282.92059 53.073851
-267.47434 51.165246
-297.22703 55.631636
-215.86680 47.807729
-401.05239 61.759529
-311.14472 54.232869
-355.80078 57.720668
-371.45803 59.794158
-290.92809 54.124734
-288.64336 52.011907
-296.35685 53.327620
-304.79148 54.633263
-318.33117 56.170659
-308.75502 55.329082
-291.14080 52.452514
-342.61959 59.347048
-307.76536 56.456072
-366.55123 60.331151
-403.62210 64.088375
-306.94717 54.239836
-312.21572 55.279143
-225.83692 46.983446
-349.94600 58.262737
-301.81806 55.795613
-296.71896 53.516292
-285.78373 52.785506
-396.17414 62.738851
-315.60068 55.507897
-364.03116 59.575557
-313.97435 55.293257
-224.09261 46.995308
-387.89156 62.112917
-404.00852 62.508751
-385.73388 60.403963
-345.48344 58.488359
-331.90957 59.549136
-324.48284 56.148748
-319.19526 56.347426
-232.84799 47.270293
-257.76099 49.469042
-320.21729 55.744161
-310.19500 56.596556
-260.89000 49.667159
-271.51556 51.515014
-277.07652 51.318010
-372.54892 59.798669
-343.66389 57.672039
-288.95240 52.158767
-297.87931 54.034163
-286.49582 53.545617
-246.54805 49.086739
-243.67210 51.941939
-200.92122 45.647869
-243.64831 47.865538
-367.97830 58.048796
-302.52374 55.916042
-257.72208 51.957421
-335.76852 55.699642
-341.34978 57.370617
-270.94936 51.999791
-372.14158 60.930220
-334.60482 58.333525
-314.12487 54.371831
-338.14752 56.920464
-267.09856 52.679293
-368.75233 59.697463
-245.38641 49.884859
-385.00576 61.961217
-340.14659 57.263838
-345.19154 58.772930
-346.95952 58.003850
-294.08930 52.064873
-271.54362 50.740490
-244.89633 48.694393
-377.17518 62.812942
-349.41895 57.219774
-413.74721 64.352303
-317.79424 56.055852
-253.70598 49.672673
-304.69653 56.875182
-371.87827 60.685415
-331.67601 56.414840
-252.85650 50.941378
-310.11939 53.448046
-342.56682 58.665566
-224.62248 46.246593
-303.96082 55.485250
-355.76054 57.959578
-321.72915 56.747350
-333.19883 57.236467
-344.35734 57.343733
-384.62573 62.047600
-292.17603 52.159905
-277.17715 53.064299
-309.05542 54.695250
-256.25030 50.821477
-267.32238 52.346495
-329.84795 58.815590
-329.12675 57.461559
-311.68183 55.639391
-339.62841 55.779207
-340.96817 57.263845
-313.36724 57.653264
-330.19810 55.799483
-336.31723 58.348256
-316.93749 55.281105
-304.69220 54.993651
-374.52136 58.146083
-312.07556 57.209777
-362.07815 59.599117
-358.34476 60.777639
-367.25902 59.881936
-220.61081 46.513335
-275.11550 52.150304
-334.30228 56.430660
-183.48028 43.584011
-279.86853 52.549865
-362.19591 59.206032
-319.02597 56.448028
-306.08957 53.225548
-322.01271 56.397320
-342.76120 57.078087
-288.89497 51.396471
-267.38488 51.227111
-409.20287 65.041604
-304.30894 54.137834
-201.32250 45.696172
-344.99531 55.659926
-315.64995 56.019420
-320.41181 58.276870
-414.35368 64.012163
-210.29824 48.198034
-299.65943 52.050286
-280.15708 53.178606
-347.98561 58.549148
-231.68040 47.260759
-344.09636 59.034191
-248.82443 50.354183
-295.85724 55.229274
-313.17120 53.312227
-326.97010 55.705953
-331.26448 56.400826
-331.96324 57.363991
-246.86203 49.061241
-336.64802 56.342638
-312.75115 55.976656
-202.79388 43.866792
-351.73961 58.087407
-265.80367 50.127050
-294.31961 51.573753
-322.85264 56.103655
-252.24483 50.324532
-274.02080 53.738903
-314.89300 57.114596
-263.27429 52.079894
-304.61930 54.621810
-304.44848 55.669561
-339.18014 58.007449
-350.66883 59.253316
-335.86378 58.527880
-286.10129 53.353505
-279.39454 52.541118
-290.84376 54.943679
-250.32773 50.088246
-258.08429 50.151149
-271.48384 51.535659
-356.60265 59.423101
-371.43408 60.756991
-266.49091 51.862725
-324.05934 55.754741
-358.32142 59.967727
-266.50641 51.285887
-277.99438 51.511141
-345.26772 60.298891
-289.78404 51.782854
-290.94458 52.543151
-361.75030 58.925996
-317.48742 55.489806
-322.70492 55.633846
-247.65913 50.904094
-340.57109 58.760903
-215.26220 46.170592
-397.65497 63.856649
-332.91369 57.567415
-358.31401 59.095348
-331.79980 56.693758
-274.24860 51.721544
-367.92574 59.699288
-323.78358 56.113722
-296.31531 54.138570
-335.13888 58.399050
-302.49719 54.495177
-286.98794 51.879512
-285.32170 51.220986
-296.15742 52.968303
-284.20169 51.553923
-265.37307 50.956755
-243.66300 50.357351
-331.52229 56.145916
-298.32747 53.648113
-304.97847 55.897719
-322.95516 57.082222
-279.38491 53.212438
-251.58341 49.199391
-351.45166 59.294399
-264.04290 51.424926
-320.67031 56.456362
-312.34548 54.709630
-291.78688 53.396859
-348.28206 57.722576
-324.01354 57.130892
-292.87418 52.551225
-281.16436 51.929387
-277.99702 53.120592
-206.40643 45.124688
-233.46042 45.932525
-381.36672 61.144228
-323.19046 57.578908
-348.33645 57.283660
-337.20883 56.872371
-290.02003 52.630907
-277.53443 54.136523
-281.46874 51.914949
-396.82380 63.847521
-264.15705 52.172689
-315.46260 56.729018
-234.74083 48.943038
-351.28808 60.534090
-360.97387 60.242831
-291.01615 53.675344
-248.31186 50.333608
-336.89100 57.492629
-336.08206 57.209658
-339.84617 56.195601
-229.73275 48.091066
-336.29696 56.154759
-354.12591 57.253511
-296.53298 53.662078
-204.94904 46.726372
-295.26687 53.237734
-400.79628 62.482891
-280.37042 54.232637
-337.37384 59.168483
-383.24497 60.745934
-345.31563 57.554268
-346.42662 58.512618
-406.87282 64.360021
-378.34679 60.888405
-162.41254 42.636867
-343.97506 58.077489
-311.41302 56.938081
-315.12845 54.967308
