-304.50984 48.310493
-392.82339 55.874784
-305.00451 47.146335
-363.99698 52.536459
-241.22899 42.701855
-250.01258 44.796649
-284.35080 47.231225
-407.12478 55.537142
-307.70621 50.380940
-317.73839 49.687266
-246.29228 43.545053
-310.21725 49.465336
-245.69851 43.110936
-297.38115 46.374519
-225.02348 43.991805
-224.64893 41.539634
-250.71204 43.485582
-298.77167 47.664814
-434.93266 59.266219
-344.83079 49.606886
-411.11437 56.445109
-293.95928 47.006599
-329.46934 48.738326
-299.44538 47.882406
-333.59462 49.482583
-296.53893 47.302064
-290.77591 45.653498
-180.58757 37.742652
-227.29952 41.210054
-370.79135 54.448729
-309.68856 48.029756
-282.77950 46.991092
-299.89940 47.494451
-299.98686 47.042192
-335.97693 50.994139
-377.50549 53.241549
-291.01725 45.770134
-343.12007 52.324686
-321.07232 49.019134
-391.34008 54.648102
-236.62590 45.384047
-230.11255 41.722431
-327.49724 50.469827
-257.31847 43.606296
-260.00308 44.435945
-400.73088 55.723767
-305.23337 48.508720
-283.38563 45.178026
-211.86632 41.803536
-321.34584 48.885664
-325.68448 50.926633
-331.33214 51.639506
-306.40770 49.048076
-332.94486 49.938684
-255.83956 45.309116
-312.80474 48.996249
-273.11769 45.061508
-234.39174 41.120156
-315.48072 49.807725
-188.84402 38.729004
-344.27863 52.154776
-310.10608 47.925501
-327.56213 50.043305
-285.44788 48.397146
-386.04769 54.137548
-272.83816 44.680938
-350.37271 52.528287
-292.43638 46.209454
-240.68903 43.457481
-303.31126 48.455458
-235.55951 42.069273
-375.74030 53.721971
-312.19383 47.830003
-276.83376 46.120919
-250.39262 42.472215
-378.77226 53.999862
-298.04782 47.492187
-338.56217 52.081317
-414.00742 54.923020
-297.21694 48.918037
-360.97834 52.810505
-287.51233 47.351647
-390.00554 54.594822
-249.62951 44.369077
-371.23632 53.967893
-299.01721 48.987544
-364.55522 52.874275
-261.09447 44.804966
-292.20747 44.848284
-365.71333 52.541185
-283.63288 46.307302
-296.92005 48.819934
-318.41907 50.160397
-232.80949 43.994520
-278.75011 45.831366
-254.61447 43.244263
-248.06983 43.956232
-297.62350 47.737427
-253.20441 45.434780
-428.09140 56.366668
-365.73636 53.065237
-370.82937 53.707917
-316.73558 49.383159
-275.08734 45.884484
-328.57124 49.997723
-379.39540 54.316901
-429.23809 58.881197
-272.09549 46.678277
-325.65014 51.703892
-249.47970 44.130797
-336.33765 50.828300
-349.53068 51.832563
-337.77650 51.337845
-289.72269 45.782153
-297.18210 47.371212
-314.08637 49.216909
-316.21053 47.981544
-285.07149 45.874035
-377.73214 54.289703
-302.66161 47.286051
-315.89439 48.926004
-367.32343 53.687067
-278.52012 46.171826
-289.80924 46.358967
-315.71818 47.175336
-284.76548 48.227315
-347.96666 51.464151
-315.60561 48.961824
-299.15619 47.144338
-253.18890 43.879852
-285.72880 46.456159
-296.20705 48.929446
-387.01179 54.145799
-242.95898 42.235142
-289.03050 46.573501
-324.26585 50.743366
-364.24466 52.163724
-358.08931 52.554692
-265.50882 45.101284
-253.12440 43.080555
-331.51945 50.808913
-317.16305 48.445186
-186.64434 38.367612
-383.28579 52.492401
-357.01323 50.880566
-409.14711 55.926187
-310.03355 50.138746
-348.45119 50.105018
-277.63033 45.973124
-299.40346 47.209360
-216.11634 40.894636
-267.33533 45.803152
-252.88384 45.398808
-334.52936 49.243187
-322.91134 49.075537
-308.33423 47.660819
-346.17067 51.516641
-345.41743 50.834728
-272.85827 47.059842
-411.33778 57.426988
-280.15306 46.484296
-345.07600 50.344833
-223.60658 41.269389
-320.65570 48.771022
-251.38474 45.428330
-279.11700 45.489196
-343.65030 51.505330
-385.25085 53.265500
-292.73916 47.469728
-305.59294 48.713758
-268.67417 45.657491
-277.75043 46.307550
-314.48786 50.240592
-256.24071 42.968540
-351.49105 53.280250
-327.89367 50.630559
-270.58370 45.823853
-361.05607 52.293133
-269.67421 45.022805
-321.14485 48.036723
-306.07411 48.702956
-314.28198 48.711396
-289.07740 46.729539
-263.10307 45.554727
-338.71938 50.750102
-282.90666 46.177965
-324.43317 48.485828
-281.51245 46.389375
-388.47377 53.167494
-260.14039 45.602401
-315.25019 50.055863
-361.09552 51.496572
-244.32154 42.352926
-286.30917 47.037721
-360.11628 52.285413
-313.34456 48.451727
-363.94864 51.773032
-268.30028 46.265881
-234.98700 42.600127
-317.11875 50.047657
-366.01364 53.723450
-249.62561 44.684164
-381.20744 53.423479
-326.28727 50.663529
-300.26500 47.581861
-239.46190 40.472792
-271.98633 44.706165
-372.27382 53.117043
-261.32476 43.958657
-235.94330 42.424128
-341.81069 52.755920
-278.86419 47.257604
-343.28008 51.258920
-321.42725 48.578517
-371.58596 52.783664
-315.02173 49.433832
-297.01141 48.742798
-200.24129 40.127084
-343.39988 51.581656
-261.85565 45.364960
-180.70567 37.450761
-338.99635 52.254133
-315.86009 47.732431
-294.07885 48.083133
-302.57341 48.957346
-248.76267 43.756641
-344.26246 50.384783
-305.28092 49.192895
-255.29112 45.140147
-296.23327 46.919987
-266.24395 44.731966
-279.76091 46.211005
-421.19064 57.797666
-392.02195 55.012956
-289.25742 46.335899
-422.43304 56.863406
-393.40026 55.005525
-304.32661 48.616984
-241.33598 42.780954
-289.09681 45.825179
-383.86190 53.846468
-379.79733 52.767637
-232.65764 42.247661
-274.87678 45.929885
-315.26579 49.250229
-331.31875 49.335265
-402.17071 54.997167
-294.07599 47.713428
-292.65687 45.781963
-341.16106 49.117502
-245.75120 41.769725
-342.33086 50.977091
-223.41125 43.333248
-266.51509 46.032144
-289.51379 46.767670
-342.84981 51.388767
-281.42853 47.203636
-312.30774 47.973042
-314.07930 50.628642
-338.43813 50.677861
-368.88882 53.288570
-414.18961 56.555009
-329.20355 47.767518
-326.67675 49.698521
-237.52061 43.441668
-367.81277 52.521122
-311.33331 49.235865
-276.40240 44.655792
-217.66097 42.189126
-289.37228 45.461297
-280.16714 47.147062
-305.40326 46.525686
-345.04697 51.937434
-288.97158 46.500827
-269.49398 43.775238
-192.13175 38.870841
-338.87000 50.009998
-308.51926 47.781516
-308.03586 48.737751
-298.74032 47.264461
-289.72218 46.528579
-324.56832 49.820011
-404.50661 57.170354
-280.31621 46.995739
-213.13308 41.731174
-345.88105 52.286887
-352.15335 50.719815
-286.51251 47.935417
-344.40795 51.743109
-342.08482 51.380295
-379.68266 54.411390
-337.17040 52.627076
-300.59240 47.850042
-248.50827 44.651211
-361.79135 53.785088
-373.83204 52.662553
-336.35072 50.567332
-286.75084 44.956184
-388.13134 54.310211
-376.06375 53.182980
-372.05559 54.189642
-322.16432 50.574571
-337.48227 49.643151
-287.60447 48.000599
-324.45990 51.536679
-279.43149 45.687284
-181.89798 37.910030
-336.22327 50.532250
-316.76835 48.896499
-343.61770 51.902772
-293.02191 46.767848
-422.69497 55.552548
-323.05487 49.519553
-252.33656 45.215348
-309.26825 50.551387
-328.69552 50.593572
-286.98955 46.025280
-281.22720 45.978418
-308.82942 48.309982
-314.24596 50.232704
-303.51914 47.782033
-365.80207 52.001542
-283.23725 46.308250
-235.33930 42.796137
-219.14060 43.161187
-243.56783 42.212377
-251.36975 41.542780
-287.86308 45.343609
-339.11514 51.430022
-238.12049 41.550987
-169.91994 35.047215
-339.67636 51.023280
-328.88648 49.026145
-228.49071 41.111614
-234.77526 42.259917
-239.17437 41.488346
-302.39517 48.115445
-385.63952 56.623568
-246.16284 43.941004
-341.82043 50.900330
-268.07063 43.603410
-331.73418 49.689550
-350.90868 51.824771
-348.90085 51.778132
-353.74305 50.908677
-292.78981 48.035134
-390.95641 55.241490
-246.90712 42.710798
-245.04319 42.630790
-314.26716 48.654615
-297.06085 47.710930
-337.23707 49.891737
-253.13660 44.558612
-295.02179 46.791433
-277.92203 45.115532
-238.14800 42.557657
-263.86073 45.596787
-355.93797 50.704508
-275.86744 46.110613
-360.43841 52.085448
-278.97602 46.591418
-366.18113 53.997849
-281.57058 46.315585
-375.26817 53.378702
-204.87930 39.782709
-367.27367 52.706580
-321.84021 48.227168
-303.25307 49.624520
-329.75124 49.213448
-274.21366 45.141654
-309.91157 47.396809
-359.06378 51.569361
-417.12964 54.188195
-240.11503 43.720906
-306.73438 49.089136
-237.37576 40.502379
-317.08334 49.042811
-348.18239 52.403303
-290.55247 46.783094
-365.88591 52.606059
-374.47252 55.684004
-307.48089 46.059481
-363.28056 52.566241
-235.30032 43.349360
-341.02966 51.379694
-229.12732 42.111936
-384.27093 55.124545
-275.82960 45.006269
-314.25916 50.004228
-291.01863 48.019421
-246.00507 43.799555
-276.89410 45.244294
-366.48836 53.474102
-191.47327 38.575154
-408.59753 57.291110
-342.45859 50.610835
-390.62588 56.056578
-466.73505 59.387258
-338.67386 50.528436
-352.24439 52.086938
-316.91550 48.111473
-383.21017 52.100521
-262.64095 45.999882
-361.25859 50.876265
-312.40857 47.382503
-330.67914 49.951343
-277.78401 46.348954
-287.35160 47.099173
-315.29313 50.092301
-333.12451 49.386684
-301.09737 47.688821
-366.68654 50.663335
-298.18107 47.508743
-361.29251 51.954038
-319.25400 48.987577
-376.31125 54.361781
-218.97556 41.748071
-328.96594 49.365539
-350.76790 51.157207
-343.62297 50.433388
-285.30911 46.985411
-244.19215 41.593760
-287.71085 46.356346
-268.47446 46.159109
-313.22038 48.529005
-323.44988 49.147285
-331.00644 48.887508
-295.79611 48.007901
-282.31102 46.243935
-209.32985 39.864938
-352.82564 52.069251
-309.19693 47.862757
-279.19041 44.777324
-283.88956 46.053764
-260.00690 44.282710
-246.46173 44.621573
-321.71690 48.294935
-233.41550 42.071343
-363.93287 52.240892
-273.32344 45.001353
-355.98355 51.084959
-309.65665 49.247183
-345.24685 52.924353
-381.88148 54.147265
-300.71500 47.759298
-349.79448 50.274057
-348.09191 51.244849
-318.01560 48.100393
-293.90091 47.989988
-247.47383 43.479257
-359.71332 52.095784
-299.09586 46.987178
-366.32875 53.404098
-302.48236 48.486507
-393.21768 56.516356
-274.05744 44.886004
-270.91119 44.022432
-294.68307 47.396481
-288.12481 47.404080
-284.74408 46.241326
-277.36830 45.709274
-390.25153 54.622788
-139.97614 34.169917
-350.61047 50.301606
-250.10216 44.851479
-244.02492 42.726878
-237.73252 42.017261
-313.22126 48.936934
-289.03394 47.761556
-238.44189 43.149199
-145.74561 35.421349
-286.77113 46.098404
-268.94399 45.434574
-452.47190 60.411120
-261.60522 43.194123
-409.12424 55.397152
-353.50450 52.059127
-307.36952 47.729264
-263.88556 45.163471
-332.99175 51.996829
-256.62309 45.284286
-435.42913 57.907408
-354.67670 52.072805
-314.28041 48.851208
-263.33984 45.741694
-361.92583 53.109538
-311.98245 50.772401
-271.06115 45.304999
-259.73984 43.809137
-379.49112 54.903497
-326.07626 49.916354
-244.89257 43.103944
-381.84998 53.356712
-301.30649 47.007283
-300.28180 46.802394
-294.21896 47.453097
-350.60543 50.966308
-380.40153 53.964157
-324.75122 49.398131
-271.72824 45.845000
-259.57542 44.049427
