-352.55306 44.605290
-390.55673 47.166315
-279.81215 40.506110
-384.46458 45.246840
-177.87952 33.112724
-330.69764 42.434980
-307.40132 42.531166
-398.89178 47.640688
-238.48835 36.653735
-468.81037 53.393056
-212.13607 34.740480
-326.42989 42.279181
-268.26751 40.570471
-373.22889 45.784196
-267.71251 38.760204
-407.83414 48.533349
-255.91032 38.202529
-342.56094 43.347346
-311.01332 43.212505
-255.67870 38.555583
-223.85451 34.827824
-295.42559 40.452975
-245.21476 37.859086
-313.13702 42.614619
-284.99463 40.469328
-389.10033 47.176762
-212.68339 35.020219
-263.87303 37.930190
-255.83874 36.970888
-239.44934 37.312431
-288.44583 41.879296
-296.79377 40.606010
-211.46194 35.007958
-278.96368 40.012355
-405.43791 47.193613
-260.75011 39.997138
-390.13919 48.476401
-231.27854 36.819870
-291.19601 40.044988
-195.39680 34.853740
-234.91732 36.427036
-304.57792 40.781906
-371.24747 45.161948
-332.94411 43.316169
-348.66096 44.207233
-213.01714 35.850744
-325.35347 43.247964
-375.14130 46.518459
-239.16083 38.080683
-416.12375 50.758325
-248.07370 38.123464
-369.79620 46.322414
-363.30386 45.776577
-321.89072 42.650934
-336.16810 43.587695
-282.46329 38.488852
-259.50676 36.589089
-319.41033 42.264955
-183.23691 32.325825
-280.66122 39.377529
-280.99072 40.859953
-276.50857 39.196743
-323.64453 43.953576
-200.94921 34.066008
-271.08835 38.942375
-263.78338 39.750891
-340.48310 45.099047
-296.21057 41.799438
-215.86188 35.595883
-312.16747 42.983095
-278.26258 39.112990
-256.21136 38.700683
-296.68786 42.038876
-366.30584 47.315185
-316.58262 42.897390
-199.06726 34.235229
-284.94892 40.706044
-396.02370 48.093725
-292.25707 39.889653
-338.83768 43.910854
-324.87328 43.121469
-298.68538 39.997602
-282.66918 38.346069
-291.25701 40.517853
-316.22953 41.364765
-303.50199 42.193505
-407.75832 49.095742
-272.73079 39.475258
-346.43304 43.591892
-274.73629 39.902441
-217.19682 36.105998
-375.98841 46.622914
-294.67957 41.099084
-352.92612 44.462756
-301.89550 42.281127
-339.60563 42.685842
-286.83001 40.500922
-370.75169 46.087236
-186.84246 33.025454
-394.62352 46.169841
-274.55487 39.650359
-237.98445 38.150710
-247.61235 38.744574
-219.13240 34.368813
-243.79565 38.732331
-285.04763 41.961943
-363.75660 47.215381
-167.06863 32.240412
-291.49515 41.010761
-233.53312 37.221699
-386.59238 47.213954
-288.36657 40.552060
-267.89851 39.877155
-307.36767 41.080295
-331.67102 42.575805
-333.32619 44.531564
-284.07568 39.792963
-299.19627 40.309585
-270.75712 39.434494
-281.90650 40.073205
-245.44761 38.280107
-344.77309 47.028720
-302.37355 42.154855
-274.88007 40.008662
-278.38954 40.977524
-318.26650 42.248107
-343.03679 42.466137
-284.66742 40.908713
-368.04639 45.519579
-326.91610 42.843901
-373.06926 47.216594
-283.38873 40.150815
-164.91635 32.411157
-314.33743 41.101379
-293.33325 40.902221
-343.10669 43.750112
-342.21922 43.191176
-373.73587 45.317836
-212.53503 36.888762
-234.76477 36.904047
-337.38280 43.436984
-333.53910 44.332963
-280.40970 39.129636
-318.54192 43.106264
-321.19926 43.728312
-329.95864 43.455361
-311.53491 41.728149
-279.16953 39.402453
-282.90300 40.700512
-307.19126 41.113305
-276.20288 39.830104
-323.99654 43.581396
-351.59360 46.534384
-313.83825 42.699553
-321.08739 42.668163
-254.54867 39.874025
-230.18067 37.356769
-408.92277 48.678454
-249.17230 36.795622
-182.92654 31.897978
-340.73883 43.386835
-353.64637 44.762468
-355.47368 45.120551
-315.76089 42.544558
-315.65436 41.179348
-369.23057 45.435168
-255.95453 38.482050
-297.85417 41.201584
-397.65804 49.297004
-290.56429 39.264406
-193.88162 33.772341
-373.04034 46.363132
-312.04305 42.283056
-251.19564 38.522346
-406.91717 49.099916
-378.12362 46.551208
-314.41602 42.456803
-271.45189 41.223700
-179.10456 32.160720
-297.16852 39.720607
-374.77923 43.648957
-431.87677 50.506826
-404.94885 48.307092
-320.38889 43.378007
-337.84877 42.686350
-376.52731 47.478242
-319.95598 42.099799
-364.15509 44.563562
-268.01819 38.734645
-261.87349 39.295390
-215.09342 35.359882
-268.00340 38.572949
-353.31610 45.038903
-263.58872 37.391679
-319.51929 40.478107
-322.10489 43.774103
-294.74793 39.272944
-366.05355 46.741371
-245.63048 37.870673
-182.28052 33.286403
-275.61149 39.155961
-221.93449 33.096997
-275.53452 39.797780
-370.64170 46.285361
-308.12260 41.822094
-293.20829 41.169240
-305.70709 41.610468
-361.60816 46.143391
-283.17276 39.513244
-305.26880 42.305234
-215.83531 35.736894
-287.58169 40.763276
-361.19506 46.309755
-294.54747 41.610939
-336.43315 45.356210
-333.34214 42.723923
-315.25463 42.182770
-232.70600 36.981828
-292.97110 41.269889
-282.94588 39.675815
-297.86662 40.213664
-311.84145 42.953737
-306.38430 41.312592
-378.48191 45.241415
-309.95616 40.828203
-268.72487 40.487248
-206.32187 35.915976
-311.81337 41.711411
-264.78714 39.079767
-291.54187 40.750388
-230.97183 36.516291
-376.89263 46.761208
-353.58373 46.717905
-338.68114 43.473181
-352.07014 44.628036
-282.88818 38.721313
-256.35703 39.132773
-403.35503 47.787692
-366.97725 45.549328
-297.57980 40.529299
-333.28444 43.764506
-394.33441 48.321650
-355.65252 45.095183
-318.09625 42.843473
-208.19198 35.157070
-152.12306 30.078195
-238.81727 37.280385
-332.90572 43.488930
-270.14716 39.304008
-272.06422 38.746567
-298.31239 40.470104
-254.99917 39.780302
-309.20512 41.282734
-215.50138 36.305407
-319.24832 43.276269
-318.43451 42.837912
-248.06435 37.944248
-346.68445 44.031064
-357.42977 46.890053
-276.31684 40.075759
-292.42180 41.612187
-356.08703 43.509367
-331.34927 43.295163
-285.57676 41.688798
-354.10376 45.977321
-303.19324 42.257350
-306.59282 41.431989
-255.60082 39.915107
-257.41065 38.502670
-383.38250 47.049018
-337.27997 44.701958
-276.89814 39.325971
-310.66353 42.885839
-234.72333 38.392939
-335.82289 44.596144
-382.05795 46.101586
-241.07047 37.616018
-301.32394 40.577914
-352.78715 46.092390
-268.56885 39.917412
-354.37086 44.242544
-306.79209 41.012380
-326.09513 43.338823
-274.66910 39.555195
-222.49919 35.201064
-332.70602 41.511965
-281.32368 40.085949
-238.16974 37.599111
-308.15466 42.735961
-259.00054 37.889775
-359.49906 47.018542
-306.54991 40.711620
-290.74258 39.775546
-341.80158 43.050400
-226.09717 35.474965
-336.26508 43.772058
-310.95919 41.895234
-286.22979 40.494203
-256.34940 39.202868
-302.66208 41.157133
-267.45678 38.069362
-350.50697 45.045883
-372.60953 45.723959
-259.11286 39.341850
-382.41732 46.558446
-190.70302 33.703344
-276.20224 38.586364
-310.95071 42.136079
-266.79453 40.882773
-325.16144 43.058063
-292.01850 41.173881
-324.68657 43.199992
-340.47735 43.853759
-200.01932 35.736506
-303.58854 41.975541
-303.09229 41.325456
-355.07352 44.687858
-347.06337 44.654187
-208.43280 35.654052
-319.21854 41.505082
-267.96443 39.209123
-262.39373 38.324133
-268.46934 40.218308
-250.07516 37.168034
-197.93457 35.279418
-355.61427 47.282243
-285.05906 41.270946
-185.25556 32.114948
-253.80284 38.311135
-334.08056 45.026945
-274.25675 39.367663
-316.66585 43.897621
-267.78307 39.144482
-286.12298 39.388608
-202.61727 35.194370
-353.69501 45.551535
-271.03446 39.615497
-344.36435 45.514672
-253.32782 38.441799
-306.42862 40.982355
-293.37798 41.181427
-231.75557 37.477062
-258.86046 40.434277
-273.83734 40.964259
-351.05574 44.601914
-282.16215 41.847028
-199.43591 34.623964
-241.07770 37.469228
-288.40360 42.842919
-342.98218 44.899196
-253.25350 38.091989
-219.72041 35.194104
-333.70357 43.242900
-228.21256 37.901938
-300.00879 41.506862
-294.74786 40.779785
-423.33799 50.324423
-277.00901 39.931506
-348.16557 44.015825
-295.77971 41.214704
-183.00148 33.425639
-264.52572 39.290041
-292.86272 41.469641
-310.14074 41.595124
-333.71454 43.073720
-336.33396 42.832841
-306.72089 42.451894
-267.05595 39.564706
-234.34895 36.741010
-366.59543 45.639216
-342.99144 42.595165
-342.45033 45.320478
-347.13344 43.090190
-307.59992 43.065939
-293.00546 39.679721
-203.76869 33.298017
-277.39649 40.121056
-358.31036 45.366274
-360.92632 45.249765
-317.05241 41.255932
-285.22328 39.858564
-351.85779 45.879845
-355.31699 45.000141
-324.99084 41.806061
-299.32995 42.153442
-281.46325 39.772582
-219.61134 36.492809
-258.65955 38.227619
-187.07421 32.648591
-351.65426 43.971501
-281.15251 39.367621
-324.52553 42.886418
-358.97690 44.772634
-219.36769 35.303049
-275.09248 38.061355
-264.80381 39.225271
-281.03209 40.639843
-354.80002 45.345388
-242.08448 36.582568
-268.31132 40.913105
-354.98646 45.842907
-358.77493 46.597314
-258.92431 38.969636
-241.75127 38.716806
-324.44872 42.470102
-289.63794 41.087736
-353.02563 46.305053
-297.04499 42.104694
-219.61012 37.121928
-229.97164 38.403630
-277.15216 39.390678
-356.53380 44.955178
-285.28890 40.891794
-355.28803 45.562395
-231.13803 36.724601
-336.23999 44.093139
-335.64481 44.266620
-316.24556 44.007123
-273.25610 38.942685
-351.79917 46.142050
-215.22413 35.012011
-349.60397 45.434572
-265.02370 39.468725
-315.35208 41.498596
-408.08118 48.729540
-322.89146 42.278918
-259.35142 37.530659
-261.14953 39.738986
-308.93803 42.724863
-294.18337 40.779091
-260.24243 39.222895
-281.54152 39.753064
-310.88294 42.479179
-400.72959 48.577778
-353.38350 44.573010
-256.70242 38.198578
-286.23745 41.128754
-318.76787 41.940588
-420.43553 48.718828
-228.89611 37.315221
-433.70626 51.621977
-325.72862 42.106183
-329.66388 43.703635
-274.22463 39.500124
-253.48830 37.508859
-285.71966 39.980712
-371.28757 46.244164
-289.43688 41.755036
-229.86563 37.463588
-209.65137 35.307123
-229.33322 38.524257
-389.17589 47.463659
-360.23089 45.446288
-309.81684 41.349047
-322.44647 43.696808
-225.19834 37.082141
-273.09467 39.025656
-309.38492 42.332421
-395.93894 47.164755
-269.28403 40.016201
-308.29610 41.627963
-295.53568 41.680014
-352.92334 45.568937
-349.27986 44.301769
-193.56348 33.451198
-332.34239 43.190009
-287.00759 40.235231
-346.77208 45.340156
-264.24977 39.279824
-281.63849 39.078029
-292.08361 41.143071
-226.14714 35.351084
-246.68860 37.954733
-244.72345 38.279807
-318.01164 43.379955
-321.61638 44.792277
-302.24509 41.751394
-316.09237 42.329199
-357.69137 45.809084
-301.04960 41.469289
-223.23337 36.263908
-371.92843 46.170317
-365.75728 45.534946
-211.22197 35.623364
-344.15775 42.685290
-305.95085 41.600934
-329.52620 44.820749
-342.90068 45.125136
-343.93753 44.118830
-420.36157 49.423674
-284.59900 39.699064
-352.66420 45.077951
-281.61617 40.274023
-356.09124 45.894477
-260.64100 38.375197
-231.08828 37.039950
-286.92419 41.646606
-346.54679 45.316298
-293.04284 41.154143
-278.37830 39.160607
