-16.714767 880.15342
-43.361199 842.42661
-36.163306 809.85485
141.85119 881.92333
-47.630682 861.04043
-41.913351 865.22974
-39.811519 816.10156
-43.470597 860.53105
-43.750351 858.44071
-37.208054 806.20979
-39.620183 801.67550
-41.063060 828.03074
117.42019 855.27934
-47.818624 855.19929
-41.037234 839.02904
-42.928338 845.56918
-40.332276 825.57870
-9.6206855 858.60615
-41.258035 852.01341
-37.413887 833.61183
-34.034104 784.85591
-50.287746 878.39075
868.96713 862.39449
-47.942947 860.20903
-44.658239 826.59789
-45.815760 864.35681
-43.313533 829.02692
-36.622856 780.77020
-40.468874 845.89818
-30.262658 882.71173
-45.607242 858.54958
-43.581274 799.29314
-37.032095 796.32776
-35.854212 786.08316
-18.676994 861.01981
-47.955850 868.77168
-42.088222 863.69415
-41.139772 845.76772
-44.174296 807.06120
-40.897922 804.40737
-38.028359 800.09004
-40.393119 817.72095
38.670258 831.59442
76.230554 814.05904
-19.279036 863.04896
-27.485391 833.79805
-42.990200 826.81073
-45.688607 833.70369
-38.452872 821.27207
-36.887052 780.65609
-37.560087 799.04031
-47.749489 865.03536
-43.336203 855.00708
-40.735064 855.11170
-44.767941 866.93438
278.17941 868.33438
-53.143253 917.20898
-47.799178 861.78999
-38.866496 885.94774
333.97230 853.84284
-40.388265 830.37913
-41.753640 855.50908
-47.980355 871.09383
-40.233272 833.93747
24.922336 861.85556
-36.162769 815.58341
40.511592 876.06286
-46.675532 851.98550
-44.947632 851.03454
-41.828558 831.63332
-20.444127 872.49322
-32.871148 843.31806
-45.307040 832.76562
246.57741 833.10371
-48.735841 847.93597
-41.917201 869.10971
-40.434029 851.15785
-48.247015 830.33239
53.772660 833.67167
-45.520477 855.14022
-47.302498 847.03438
12.331396 840.91708
-39.679022 803.61889
-39.271414 837.29789
28.360209 891.33564
183.87421 842.82534
-40.754942 817.94387
-47.762344 857.74107
-44.984811 831.22298
-26.584837 849.15356
38.796436 863.05195
-40.733191 855.81234
41.834058 833.79490
-39.363421 829.91111
-46.689299 858.22381
-43.338370 853.64267
-35.233930 791.71803
-44.903636 813.37221
-47.648041 854.22320
-40.865029 832.04552
-42.384844 834.03068
-43.205807 787.92865
-38.806013 811.30852
-44.596439 816.94024
-35.173220 921.87109
269.77802 836.11206
-27.133070 857.41108
-40.740026 863.35863
-48.115181 839.95610
-40.364411 840.77346
280.13647 787.67751
-43.299626 869.60396
-46.952365 863.83663
-26.950770 848.09363
-38.956148 846.46484
-40.682681 830.50237
-44.401203 858.29145
-52.907147 922.91200
-46.470852 826.01257
-35.112000 780.15106
-44.589450 801.68221
-39.784135 800.99937
-50.551375 872.38804
-49.043630 865.83149
-21.096025 879.29279
-46.587795 882.45920
-45.713417 823.12145
-46.108691 856.16840
-45.189598 868.90558
-45.860947 819.21073
-50.841794 874.79422
-34.955825 781.91566
38.926061 830.69556
-40.575871 824.18441
-38.786827 851.23532
-41.988187 797.41153
78.688444 863.58611
-38.118431 823.78803
-45.438309 852.45725
247.18876 892.91633
-41.961344 851.30983
-43.904070 809.29429
-45.187268 861.80153
-39.104392 817.87805
-40.970800 834.97725
-44.213143 868.96163
-41.171420 848.48342
-22.150432 916.78401
-41.841392 845.80567
-43.507929 813.75824
-44.382590 834.06333
-45.058564 843.17654
-1.8633417 948.16793
-37.727307 816.38161
-45.727822 838.44307
-45.234536 848.73534
-18.295646 882.09622
-47.936323 902.36412
-41.035858 831.59359
-39.208853 860.16086
218.28219 878.16033
-41.230310 804.90067
-46.424844 837.28389
-40.093402 812.17326
258.39510 857.66835
-16.570903 874.26543
-38.184490 834.80977
141.55146 844.45350
-42.804114 839.99019
-40.038006 843.43852
-46.522568 821.28846
-41.323292 856.21107
-48.350759 887.59369
-19.115017 839.22534
-45.515707 842.73249
-26.716082 857.96104
50.476555 789.91173
-40.138767 864.99822
-25.908608 834.37816
-39.152330 832.61713
-38.811412 829.49785
204.00611 841.39133
-38.508287 827.60777
-46.892514 853.51941
-41.525306 833.38774
-23.963100 818.01776
-38.509446 804.78413
-46.010523 854.99225
-43.692336 856.74568
-40.727072 807.59327
-48.422136 844.94590
-50.071072 889.99774
-43.134121 810.91665
39.990250 851.93620
-47.138854 870.59497
145.80520 922.53213
-41.400110 848.04947
-39.636737 801.06953
-43.235932 858.74761
288.47581 843.69193
-35.067347 798.72763
-48.803408 885.95089
-45.146307 813.79564
-37.633651 799.32173
-40.023834 824.83904
-36.888917 784.81161
-41.641137 865.55765
-38.973817 813.53835
216.51600 864.43811
117.25921 796.46391
-43.723246 853.94576
-48.062710 852.39700
-47.571491 891.56428
-43.217194 795.73464
-7.4897449 846.97174
-47.596239 886.75578
-0.77664675 873.01308
-40.340646 822.70641
1104.3528 825.78550
-35.187202 859.16289
-49.139887 871.42252
257.85252 831.98877
-42.350089 819.31293
16.510722 837.56061
99.909213 867.22375
170.55414 848.08289
-36.571550 800.19361
-43.214570 840.37054
-46.599543 850.77597
23.663257 828.28532
-42.306740 835.32210
18.403535 861.52536
-40.729033 867.05114
-46.208714 873.54076
39.230071 912.23767
-49.403922 863.51633
-47.842589 856.45486
-44.921707 854.22758
-42.770580 850.97240
-38.722099 806.41883
-47.475655 853.95558
-42.106707 839.72495
-41.250441 845.15022
-49.498023 875.50222
-51.755843 910.13792
-44.151299 835.93952
-38.618840 852.94378
-40.661537 822.71547
-46.364329 858.15834
-43.260953 849.62927
-41.843557 838.44162
-39.538621 823.79484
-38.889194 811.22921
-41.323566 858.81293
194.49851 834.05982
-20.280079 829.89579
4.4247253 812.44785
-44.092567 789.32732
-43.863189 826.91302
-46.665610 908.72525
-49.270747 845.82364
17.530927 879.67994
-43.800698 893.48290
-43.177097 829.49065
-8.1421412 823.37433
-38.933907 843.26711
12.674476 855.41132
-47.562458 839.29572
-42.506069 833.18924
-41.630249 859.89855
-44.105661 846.03890
-47.705033 870.38243
-46.286846 831.05885
-3.7300862 799.00377
-50.999413 879.69034
302.99327 899.06608
-42.918226 826.10200
-32.474081 891.51972
-23.566998 829.43831
-42.798843 900.24729
52.734371 849.42885
-46.619838 837.74399
-40.615638 831.27666
-38.582861 827.50844
-39.471304 847.64011
-52.419177 887.58094
-42.311011 849.14772
-37.242729 790.43515
-41.896572 822.65127
-48.628297 858.69992
-38.811180 832.62100
-44.526848 815.33557
-43.876349 840.25957
-32.081326 833.02475
-46.589392 838.21093
-37.933817 802.18538
-41.759410 855.76460
-44.261989 856.09106
-52.187433 886.77808
145.40922 866.90161
-35.783918 788.80571
-43.779494 837.05549
82.638008 925.24607
-41.763234 780.45627
-40.556292 865.77146
-42.920493 896.31266
-37.710042 802.25028
-34.779972 765.60912
-41.119164 819.49735
24.219546 864.33941
-38.388969 806.20444
-26.195751 873.14204
-44.080922 849.50263
-46.482841 822.28952
1.1925171 818.91749
-5.5209608 811.55136
32.096085 864.83100
-42.058461 876.29886
-42.933465 837.08017
-16.105710 851.25808
478.33593 901.72848
-19.300204 901.40697
-38.757828 829.90177
-39.815689 834.55516
-45.068893 901.27088
-47.290602 854.34654
-45.345050 848.29526
-41.367816 818.80875
-47.760562 882.37991
-40.148514 823.11756
25.333260 956.60477
-47.342021 843.26408
-42.343252 861.12354
-30.847929 850.97879
-39.663334 800.46416
209.94326 926.60493
-14.261535 845.35031
423.92479 879.34108
-1.6601734 838.59507
-45.398717 867.28448
-40.637683 808.39930
4.3658654 857.27168
-44.466840 932.40172
-40.396317 820.37840
-45.322531 866.56055
82.982100 866.21369
-31.402271 844.74283
-43.382402 842.45451
50.604714 870.69696
-40.470239 796.70676
-47.013024 824.87290
-38.382273 837.16887
-46.436061 842.94620
-38.321206 819.33577
-46.495883 830.93435
-48.544535 843.53584
321.33225 829.87079
-12.211577 861.04272
-44.503806 832.54196
41.015397 835.62034
-28.943681 844.80442
-0.30317998 850.74631
-43.506060 814.05961
-39.317874 857.77502
85.092890 829.62886
-47.402990 858.51906
2.1751311 869.29656
-40.578705 855.14987
110.35795 888.50855
-45.199892 834.42379
-49.406461 867.22400
-37.375242 804.13366
-41.335594 848.20368
222.24716 862.14550
-47.119392 809.03810
-44.987009 842.06770
-42.233323 791.41190
-4.9193097 848.46005
-46.106769 823.60972
-33.971318 766.00719
-39.405875 849.32355
-48.604138 843.97377
92.231263 924.00488
181.22782 908.70148
83.968998 860.45370
51.995785 863.94665
-42.365484 837.23958
-38.773372 826.11453
-40.411809 832.77816
-44.934664 876.34408
-18.598102 853.54295
-48.871424 883.38293
-44.816897 841.29333
-42.876251 858.92242
20.528187 859.13237
89.233715 866.75660
-41.212149 832.56626
-0.69897895 854.65102
60.362875 812.63591
-39.937355 812.21956
-37.796968 809.84170
-39.851335 816.20582
-47.150577 866.33608
-50.322420 879.99932
-30.349655 793.36961
-48.242302 874.18848
-40.145740 812.92713
-42.593293 833.33056
-37.798681 814.94951
-41.294320 852.78630
-47.763785 849.67585
-46.048710 850.89324
-42.840510 887.58920
-45.123842 854.43139
-42.148924 841.74997
-47.295714 843.65710
-41.436745 835.43779
-44.138465 787.97185
-35.813103 777.53711
-45.555574 830.62032
-17.526966 820.32578
-45.433069 845.10513
-44.720039 816.81169
-42.074550 844.42819
-42.489705 854.71924
-41.987066 822.65902
-3.4245960 825.31801
-45.571803 856.11246
-41.925945 866.27861
-36.100939 785.72282
-41.770688 856.37155
-26.972010 821.28992
-45.974954 837.78404
-41.194538 824.93757
-46.544724 844.92292
129.57937 843.18816
-39.655527 812.87294
-43.273156 822.60056
-46.001545 833.91205
-35.606745 821.65222
-33.822732 736.40590
-45.239357 865.17757
-17.047780 833.46680
-51.425806 929.74200
13.389744 852.64206
167.98943 833.57661
-42.666062 833.04548
113.71395 844.03557
-37.970064 787.42773
-41.631121 861.31049
-44.816886 831.44550
-45.916006 882.87769
5.4215362 888.50750
-42.162686 796.77954
-42.052344 888.61913
-48.688487 846.90364
-48.442938 881.50316
34.360148 867.92701
546.40807 861.37077
-47.407445 843.72542
-45.155159 817.82186
-38.813804 890.10474
-36.561101 793.78536
-30.577186 816.73537
-42.817929 873.67050
-38.879409 876.11717
-43.684335 839.22011
