-355.51403 39.662052
-227.82312 31.313467
-210.44150 29.758940
-400.21864 41.088181
-255.32274 33.524242
-340.71346 38.522674
-271.36816 33.083432
-257.98947 33.059715
-258.57706 31.691977
-365.08466 39.728288
-360.31393 39.887267
-265.74482 33.759992
-217.81817 30.979222
-292.32574 35.600094
-349.75067 37.437012
-253.30473 33.080884
-398.37043 41.568044
-256.63705 33.156128
-299.90507 35.986005
-333.51225 36.240335
-356.02933 37.543110
-378.08013 39.225251
-271.56569 34.308755
-294.17012 35.420212
-266.86119 32.972485
-243.87277 31.698633
-394.59149 40.846343
-229.32700 30.783255
-342.98284 37.855140
-330.71997 37.039212
-304.03870 35.683372
-322.27670 37.614681
-275.65802 33.832245
-229.49606 30.106203
-320.25761 35.937366
-290.39440 34.499788
-230.29076 31.188000
-331.06375 37.211884
-356.36409 38.798928
-330.90274 38.137197
-391.44414 40.777231
-283.62350 35.735317
-316.58422 36.261138
-232.93292 32.871576
-413.39313 41.346120
-240.47442 32.258879
-215.72096 30.957777
-331.29614 39.113000
-241.52696 31.856303
-289.12217 33.792164
-323.26244 36.528208
-337.47102 38.057845
-208.53951 29.963449
-252.57808 33.664649
-385.52686 40.144617
-208.22172 29.604203
-277.16729 34.039097
-283.34137 34.945309
-230.55013 29.846405
-309.52200 35.805170
-253.86957 33.333578
-231.95846 31.421169
-306.47738 36.044408
-326.07223 37.763640
-319.82079 36.184362
-308.16444 34.321575
-357.56191 38.661718
-206.79231 29.797893
-277.44585 32.963905
-283.56098 33.559132
-373.82858 39.495419
-325.03650 35.424520
-225.15271 30.559172
-394.52582 39.859486
-384.32662 39.668976
-267.27428 33.405098
-201.97280 27.955170
-253.85160 30.905449
-250.39784 31.961924
-325.36959 36.921539
-227.60198 31.573344
-275.26237 33.258281
-309.30557 35.733792
-325.69374 36.472886
-228.52610 30.116986
-240.92714 32.405622
-291.09339 33.976553
-257.34382 34.489278
-328.26838 36.318469
-252.15155 33.093100
-280.74833 33.097031
-357.80950 39.143468
-265.71563 34.276980
-276.02433 33.176103
-181.45101 27.812261
-290.89463 34.855489
-290.76762 34.633072
-300.94262 35.765049
-324.81816 36.931775
-226.75925 32.442982
-361.76842 39.373362
-340.99090 37.379767
-275.69174 32.864648
-354.77845 38.885914
-232.51015 31.501073
-367.05667 40.183286
-287.75107 35.023704
-323.32065 36.847468
-260.48198 33.485174
-219.64848 31.610880
-269.10765 32.588847
-296.29935 33.764033
-268.33156 33.611426
-357.75227 38.128061
-330.74935 38.770359
-243.79461 32.657292
-328.34664 36.105048
-255.01295 32.938306
-364.72611 38.471514
-272.47545 34.190955
-243.80028 33.026067
-279.66958 33.338345
-340.47492 37.988086
-357.51846 39.040254
-393.23564 40.482435
-298.90337 35.890169
-235.89640 30.948044
-242.11584 32.116516
-380.67775 39.939375
-350.54808 37.740582
-237.34902 29.591923
-279.53712 34.602098
-328.78041 37.339182
-327.40146 36.795865
-298.89874 35.168978
-212.56699 30.133746
-405.51273 41.819207
-218.60565 30.048393
-283.90105 33.636607
-248.45206 30.943166
-206.22295 29.323371
-241.14815 30.947640
-324.21413 36.686679
-342.60484 38.749805
-286.36477 34.237920
-363.66334 38.918620
-283.21081 34.176086
-231.83996 31.610168
-322.35026 37.345807
-309.54148 35.651084
-376.21431 39.080336
-316.71662 35.587725
-336.35387 38.294741
-397.87905 40.850284
-324.14288 35.834106
-337.52856 38.092006
-356.74538 38.995459
-295.08425 34.186131
-316.35076 35.818359
-313.02713 37.497891
-388.98188 41.344103
-335.51982 37.158250
-337.35332 36.950747
-385.51733 40.306089
-288.07275 34.204463
-364.20900 39.025798
-274.23552 33.397161
-393.42398 40.900299
-338.44005 40.776162
-234.77042 31.943782
-293.79819 33.689932
-421.17116 42.896312
-320.21427 36.851857
-387.90713 40.229306
-226.78127 31.042085
-319.19567 37.816719
-278.52026 34.554322
-269.10203 33.620714
-312.88531 37.312687
-345.92821 37.502965
-342.04777 36.748828
-340.52437 38.083687
-298.98712 35.292846
-363.56791 38.569784
-292.75456 34.419511
-361.11927 38.840627
-303.35570 34.039683
-192.52229 28.222058
-345.66803 37.549068
-310.01630 35.343494
-367.92282 39.573089
-265.44095 34.430871
-253.81082 32.712128
-327.00180 38.212882
-267.34183 34.116045
-247.62019 32.074872
-284.80149 35.174826
-248.55715 32.455203
-433.41156 41.586788
-415.88525 42.796412
-307.28916 34.703512
-257.82592 32.125495
-312.62304 35.899783
-317.58767 36.930303
-230.12070 31.429526
-238.21653 31.277423
-323.43017 37.500149
-226.22983 31.456080
-347.94518 37.573859
-353.55560 39.161188
-269.86618 32.597866
-295.97101 34.956510
-112.36373 23.655126
-313.47905 36.468118
-322.34704 38.540407
-304.95155 36.438150
-327.85030 38.277077
-337.09428 36.993424
-337.11517 37.185450
-273.97356 32.553290
-289.52355 35.774267
-280.52922 34.469282
-361.74278 38.260844
-228.53983 29.932055
-200.62183 27.290026
-403.30365 42.205866
-387.36062 39.298186
-307.68711 35.105578
-392.10824 41.543948
-352.68470 39.151503
-207.71682 29.850375
-332.77799 36.917261
-307.67738 36.326856
-318.22943 36.199791
-296.42719 35.461201
-266.45605 34.226743
-273.99552 33.049157
-353.71090 38.895302
-382.40058 40.312797
-323.73799 35.645548
-367.46390 39.477992
-254.14736 32.860448
-306.85511 36.598708
-257.56322 31.835149
-271.66433 34.972416
-267.68651 32.314433
-387.56894 40.368216
-241.52779 32.338352
-228.96357 31.312306
-320.14924 35.774091
-234.37374 32.374001
-287.32331 34.716665
-278.92569 34.521603
-284.45388 33.953216
-281.59386 33.586006
-272.77479 34.161757
-331.92453 37.379607
-255.26295 33.279127
-248.77759 32.420980
-302.49172 35.452793
-264.74783 34.060911
-335.55898 37.513648
-319.05271 36.278893
-172.13775 26.369081
-255.88316 33.467269
-434.64003 41.637826
-307.40323 35.823025
-269.23211 33.002081
-247.91001 32.679949
-345.52912 37.511036
-338.35436 36.426400
-343.93180 37.932395
-276.36758 33.139011
-326.91964 36.097233
-169.07778 27.907838
-352.37267 37.757274
-246.89496 31.386866
-243.32992 32.526552
-341.59790 37.805202
-354.26011 38.594345
-277.36753 33.054374
-281.13826 34.978956
-339.68632 38.246264
-239.89805 32.518389
-196.08356 27.418876
-236.77207 29.784202
-303.13798 34.090925
-264.20555 32.466228
-272.77087 33.269679
-260.76412 33.072480
-355.30852 38.786324
-301.91117 35.287923
-249.39560 32.996911
-246.10911 32.386336
-229.87413 31.122632
-304.39868 36.334283
-193.18159 28.183212
-394.92011 41.362810
-334.81495 36.657216
-359.10257 40.122831
-265.75614 35.334643
-235.20051 30.973344
-311.06065 34.351848
-315.81595 36.342799
-254.23251 31.759551
-325.90515 35.820311
-258.61102 33.347869
-303.28249 36.438176
-345.09682 38.124553
-307.58952 35.982705
-369.84248 39.283188
-273.99037 33.473399
-262.14784 32.930589
-315.52130 35.273796
-213.16504 30.039023
-267.99784 34.661576
-248.17360 32.389014
-268.79035 35.200583
-359.71785 38.771127
-318.18448 36.533776
-268.27701 33.647176
-315.56559 37.390272
-255.64957 34.155999
-285.33111 35.039583
-218.89737 30.078546
-279.27666 33.941531
-363.42569 39.223751
-210.11509 29.450428
-314.37355 35.250163
-239.93405 31.788658
-328.87419 37.764960
-333.66184 38.054162
-231.05533 30.062002
-356.77479 39.518872
-329.65800 36.415176
-315.60253 36.745150
-279.27987 34.341068
-314.09203 36.571842
-250.72620 31.541891
-357.63910 37.903895
-399.98657 41.828148
-255.12128 32.993829
-379.94988 41.681220
-374.26291 39.361746
-278.89215 33.445705
-309.39431 36.277708
-188.14382 27.994176
-255.02233 33.379279
-232.07827 32.270322
-322.37560 37.448405
-300.78732 35.499787
-279.90406 34.421865
-345.47977 38.493610
-401.74895 42.032724
-250.94074 31.777064
-237.19118 32.339057
-379.86494 41.034958
-342.11047 38.559967
-315.03293 37.043597
-266.80051 33.237783
-283.86870 33.996714
-382.72395 38.889139
-304.27665 35.392778
-274.88258 32.649703
-403.38677 41.196203
-254.25513 32.998012
-248.20885 32.026803
-305.17266 36.000090
-328.97371 37.234296
-407.63391 41.107720
-365.37369 38.877492
-249.08147 31.692455
-333.56204 36.243431
-217.64021 30.728562
-310.79987 36.899828
-267.06767 32.156665
-346.85650 37.820282
-303.69333 35.485590
-245.42714 32.630988
-404.79990 41.250422
-288.96226 35.107836
-326.63653 36.372405
-273.22508 34.060227
-263.27854 31.395652
-231.08648 30.084319
-308.48080 34.823427
-321.30964 37.221971
-277.22615 33.806163
-359.88255 38.900011
-318.31706 35.494675
-309.66546 35.858461
-364.55752 38.041966
-288.46222 34.517811
-295.75428 35.794267
-325.31547 36.937794
-305.67024 35.130991
-419.60813 42.256125
-277.32430 34.685831
-337.81954 38.649177
-281.46772 33.166861
-291.03193 34.797805
-298.42293 34.560705
-370.45123 39.905611
-299.94757 34.768974
-262.50090 32.210002
-299.41379 35.729429
-401.43956 42.625861
-343.71304 37.143091
-237.75335 30.462190
-284.61856 34.909057
-295.93870 34.983990
-294.57433 34.706976
-301.44704 34.892159
-284.23820 34.210162
-367.40143 39.364890
-288.15908 36.615394
-321.50697 36.248668
-247.84496 34.177216
-251.37143 33.025418
-301.68225 34.748806
-313.15119 35.537586
-317.04531 36.661747
-403.72159 41.398396
-315.73350 37.013167
-283.65593 34.763012
-425.26848 42.988931
-325.03479 37.279479
-346.47975 37.788464
-418.83569 41.941096
-255.13394 33.579131
-265.31849 32.963268
-369.93002 39.659548
-227.83909 31.785750
-305.94633 35.816755
-357.75203 37.161666
-311.50576 35.440065
-218.70811 32.261700
-328.65754 38.062240
-311.51155 35.497236
-282.66788 35.389150
-400.06394 40.900806
-250.90545 32.549565
-359.18310 38.359162
-366.64510 37.423988
-293.59538 34.314431
-348.02924 39.023065
-305.87609 36.146304
-312.87283 35.356106
-318.57867 36.098571
-236.61348 31.336926
-311.49595 35.946638
-271.45120 33.985868
-306.63659 36.071686
-317.90031 36.691815
-322.65143 36.511343
-261.05085 32.667310
-359.87440 38.241441
-286.27515 34.363667
-316.56305 37.367087
-341.36362 36.357783
-300.47069 35.181287
-330.37807 36.474066
-411.74180 42.373889
-270.01552 33.311224
-255.01254 33.888146
-361.18821 37.428241
-287.00194 34.812511
-351.04783 38.306630
-321.96781 35.515863
-317.34359 35.592013
-391.46015 40.229175
-277.62479 34.775012
-363.02488 37.699114
-308.69128 35.917599
-318.18939 37.196804
-248.45019 31.884707
-257.52230 32.702028
-199.12567 27.242332
-257.92654 32.910428
-230.72937 32.377650
-292.49745 34.569650
-261.68979 31.915917
-239.76310 31.140524
-232.28230 30.919480
-401.12428 41.488413
-320.24335 36.261221
