-344.96174 31.647049
-260.97377 27.168319
-273.48254 27.467011
-227.04234 25.685008
-291.40705 28.652301
-277.68689 29.022879
-294.04146 29.565587
-278.69875 29.154484
-212.86857 23.755080
-324.95936 31.890638
-245.78538 26.093093
-289.07040 29.317227
-257.06676 27.120097
-219.11699 24.303625
-412.01358 36.429588
-340.82909 30.996986
-316.67118 30.327140
-229.52053 26.521485
-317.12876 31.391311
-312.65089 31.228682
-366.09128 32.867424
-294.15065 28.565072
-393.66068 33.462425
-253.58025 25.873509
-367.92224 31.994537
-251.40759 26.270873
-359.52358 32.172434
-332.00457 31.692113
-466.39750 39.204607
-351.69326 30.559792
-303.94374 29.175940
-355.04927 31.274634
-279.91489 27.996821
-354.79892 32.648064
-275.22590 27.518023
-211.14154 24.702050
-361.89789 33.738640
-328.77520 31.393407
-266.24649 27.433468
-370.19462 33.761580
-271.22861 27.467373
-307.13714 29.776767
-236.44243 25.719339
-285.10252 28.749037
-238.28641 27.116872
-322.10869 31.761114
-393.42021 35.262100
-292.87893 29.075934
-288.74898 28.880321
-274.71294 28.399967
-318.49691 29.734956
-342.30724 30.289495
-300.81278 28.594079
-278.99845 30.856585
-218.30037 23.215066
-284.83881 27.665243
-313.26759 31.011334
-262.95038 27.091907
-292.03872 30.397345
-233.96791 24.628462
-344.98282 31.168233
-332.13666 30.795063
-260.61223 28.511911
-197.77454 23.489245
-286.37389 28.668832
-340.39628 32.279345
-248.14203 26.971706
-412.19943 35.383293
-237.05504 25.290290
-279.07828 27.951867
-341.58073 31.192616
-249.34524 25.142490
-290.55105 28.376435
-346.81562 31.927445
-365.43149 33.410551
-315.17619 31.746291
-269.89792 28.821162
-290.66148 28.897779
-306.66889 29.709344
-255.39213 28.075124
-336.83890 31.820734
-244.50189 27.802548
-244.88202 27.265407
-249.78420 26.032201
-318.40509 30.682854
-393.20232 33.390932
-280.66636 27.680862
-247.50685 27.197889
-403.62873 33.868370
-263.36261 27.232534
-285.86512 27.768573
-365.51563 32.209826
-330.47030 31.397279
-281.85883 29.267782
-292.81533 29.566316
-267.58492 26.196083
-303.57080 30.010430
-284.59537 29.080285
-254.76863 26.927655
-331.49597 31.330470
-228.58786 25.428490
-243.51300 26.820705
-274.94776 27.157553
-259.41775 28.085938
-341.00180 31.766814
-367.08573 32.319784
-234.37239 26.831552
-300.49744 28.556872
-255.59246 27.074339
-221.63374 26.385484
-369.57912 33.841434
-220.49672 25.187269
-411.88394 35.405880
-258.13215 27.576524
-239.51395 26.624560
-230.17691 24.694823
-243.67900 25.520702
-286.97637 28.832122
-217.73821 25.295846
-274.06655 28.041938
-266.35909 28.662538
-276.42569 27.320945
-288.37708 28.063069
-395.81706 33.496685
-316.83443 30.064340
-297.20099 29.322539
-278.76644 27.608247
-269.80611 29.412480
-328.99394 31.727090
-319.52696 30.725597
-328.52752 32.177153
-269.56272 27.131979
-342.14592 31.018804
-265.59592 27.887869
-365.52909 32.197616
-203.30402 23.600236
-298.80301 28.874472
-257.42047 26.746336
-305.08478 30.623097
-321.35324 30.625241
-305.75626 29.429588
-361.02289 33.281702
-224.71926 25.599979
-314.40048 30.734645
-313.62470 29.610773
-309.00739 29.088673
-360.61111 33.042965
-323.85473 31.081236
-274.90547 28.668806
-395.13910 33.873411
-251.50645 26.958699
-242.41111 26.523939
-355.78478 31.506385
-270.52198 28.375717
-201.33247 24.362836
-243.98323 26.837900
-280.82321 29.254818
-347.10750 31.660618
-292.14330 29.417458
-291.20248 28.156925
-250.70222 27.732805
-233.74204 24.195977
-342.12745 30.719560
-381.65160 33.716463
-280.62084 28.572025
-277.12840 27.960458
-288.02305 27.290907
-200.07177 24.042089
-270.64548 28.317193
-356.10950 33.517902
-213.51172 24.381773
-205.81269 24.783739
-300.07807 29.973623
-312.50412 31.021237
-206.47325 23.992536
-414.14766 35.704965
-291.89187 29.052336
-229.82386 26.489187
-284.07635 28.936066
-278.13396 28.416363
-322.42869 30.049299
-309.62963 29.804754
-406.77085 34.384995
-241.56936 26.730345
-243.68156 26.482432
-241.76418 25.650916
-263.92651 28.045103
-245.29005 25.451551
-357.45883 30.626402
-341.11732 31.306472
-246.99249 27.463527
-323.34424 30.554614
-382.38475 33.655007
-292.04083 27.758605
-329.58394 32.018136
-271.00891 27.158750
-237.50280 24.677252
-282.04687 29.007443
-307.01951 28.827899
-278.32564 27.332890
-194.29110 23.746981
-284.73758 29.079617
-283.08774 28.780788
-285.29316 28.599995
-267.66535 27.775498
-328.46799 30.372312
-251.89703 27.199892
-337.09371 31.353034
-229.90904 25.704170
-412.13209 34.042163
-267.79440 27.855892
-285.35129 28.720669
-282.07858 27.977017
-302.66775 28.464751
-289.67742 28.543369
-252.14207 27.593005
-273.60822 28.516989
-353.91795 33.297528
-288.85067 28.868989
-345.43779 31.514323
-242.49659 25.766835
-200.90198 23.595575
-253.68550 26.582620
-242.42790 26.455732
-353.49898 33.494174
-333.69920 32.288406
-232.05856 26.476253
-292.11419 29.283084
-284.70175 28.808589
-312.27047 31.099004
-352.21256 32.689779
-304.20332 30.518961
-352.19928 30.883813
-279.08461 27.808882
-176.22211 22.710502
-374.85487 31.583540
-320.93179 30.124328
-220.69017 25.639231
-347.23786 31.301990
-328.62655 31.977118
-318.51825 30.810205
-381.75731 34.042515
-290.66942 29.286541
-283.13901 28.215509
-281.32779 27.903646
-312.79382 30.389734
-294.33996 28.583165
-236.40037 25.768849
-353.92102 32.451781
-318.08152 31.029555
-275.49749 27.141851
-208.53263 25.076218
-201.30602 24.248510
-285.06924 28.316898
-297.70835 29.729633
-275.11027 27.739033
-311.58670 30.649348
-212.14561 24.501876
-211.32236 25.115598
-355.43437 32.575816
-390.91489 33.721399
-325.48729 30.548286
-204.24638 23.808762
-297.51343 29.013510
-325.25980 30.250941
-323.76053 29.599605
-195.68704 23.503751
-232.99802 25.417774
-282.99249 27.143153
-327.39054 30.373222
-316.81330 30.528459
-274.55528 27.929673
-216.84864 24.679947
-236.48870 25.449432
-296.99756 28.091978
-262.33415 27.933754
-287.70499 29.327563
-243.36877 26.679871
-345.54372 32.827216
-312.11598 30.323071
-284.53220 30.253592
-272.41154 27.410841
-381.93181 32.487923
-241.65876 27.759509
-297.92916 29.078766
-378.86605 32.768830
-369.94291 33.061234
-330.32117 31.715594
-307.48584 30.451535
-258.18150 26.771251
-371.51106 33.924180
-227.74393 26.324542
-255.71871 25.133796
-308.94467 28.454408
-265.57601 27.302069
-259.84748 27.775618
-260.73902 27.105094
-356.21299 31.739097
-239.20981 27.468137
-329.78656 30.753382
-336.76993 31.351556
-338.03281 29.273858
-273.46719 27.504336
-314.07351 30.712710
-339.29653 31.947975
-387.91274 33.738498
-253.95542 25.484085
-281.37368 26.975496
-308.41202 30.344907
-320.05465 29.966306
-275.56937 27.749508
-328.55442 30.610921
-266.97451 28.065620
-260.18953 26.817086
-339.77090 32.361659
-303.86036 30.017417
-244.18358 27.127845
-234.28192 24.553462
-223.19266 26.271449
-200.70755 23.735987
-241.18707 25.069547
-235.81897 26.697813
-345.57624 31.451950
-297.03897 29.206635
-380.93639 33.954503
-381.12402 32.333308
-292.91997 27.826943
-296.29623 29.753298
-345.72835 32.915989
-327.53900 32.296227
-260.40171 28.471275
-250.46032 28.320221
-214.41049 24.587761
-297.72649 30.956553
-299.28032 29.820658
-302.99507 30.023236
-336.51423 32.415728
-231.79738 25.328868
-309.04801 29.930253
-276.06996 27.925483
-254.52918 27.185840
-287.80944 29.227057
-223.87029 26.251101
-284.41819 28.898731
-310.39925 29.245340
-242.62350 26.602359
-394.92775 35.234386
-287.13002 28.571515
-410.33109 34.913685
-230.55166 26.424990
-307.54137 30.200570
-296.45710 30.584518
-261.40096 26.224099
-242.07800 26.319790
-288.42467 29.211552
-169.80915 22.173266
-370.58881 34.095605
-366.15438 33.343905
-269.67065 27.525483
-255.09480 25.538552
-196.10738 23.337596
-282.84052 28.703666
-299.34008 29.396120
-260.25677 25.452299
-230.53315 25.028093
-317.36340 29.902132
-294.90175 28.204052
-339.49092 31.478740
-279.15472 28.800870
-325.13728 29.609452
-260.35972 27.564802
-370.42048 32.810384
-327.77710 29.229481
-263.50102 29.122789
-351.74751 31.363137
-298.23244 29.672431
-187.26604 23.081854
-317.58567 30.096117
-353.24958 32.859909
-247.69667 28.054456
-352.76035 31.605028
-357.04051 33.721076
-285.12807 29.199773
-343.95939 32.110127
-339.29973 31.651195
-212.53335 26.001858
-293.32504 29.408265
-237.25363 26.055080
-370.31241 32.452173
-398.32197 34.625474
-258.79439 27.505170
-340.16977 31.375852
-239.64292 26.153243
-381.45492 33.235595
-283.81246 29.508121
-314.31087 30.879550
-280.09389 27.666232
-246.20207 26.357494
-212.99121 25.027218
-134.96163 19.779756
-252.80839 27.182572
-282.06012 29.094169
-260.84637 27.529972
-286.37509 29.435484
-216.86096 25.646751
-246.54005 26.634199
-296.41294 28.614856
-307.50198 30.750520
-315.05936 29.997066
-235.05478 25.731773
-251.09184 26.357829
-305.80718 30.075411
-232.70385 24.019322
-289.71180 28.939191
-285.37145 28.018717
-197.68085 23.822012
-318.21559 30.811295
-285.16263 29.354909
-397.07085 34.945933
-348.62135 30.505994
-264.06454 28.080135
-294.32661 29.128222
-335.05061 31.368360
-305.71597 29.504819
-220.84005 24.213537
-314.51962 29.810755
-366.91520 32.224993
-257.45527 27.898911
-252.10016 27.125455
-265.53126 27.385212
-268.32968 27.459680
-310.32951 29.542948
-235.84980 26.952445
-260.37314 27.669335
-348.79812 33.461156
-220.17526 25.170376
-270.88511 26.950580
-376.57172 33.388294
-391.04321 33.869415
-281.86567 29.446057
-287.35711 28.007449
-315.62306 29.485025
-317.77730 30.888648
-243.64235 26.178961
-240.00215 26.366129
-243.94129 27.190661
-247.70531 27.284916
-298.15399 28.214631
-249.83631 28.008869
-257.92699 26.902779
-170.46339 21.924238
-290.61997 28.465655
-323.66408 30.953801
-207.11123 24.885377
-347.33587 32.234074
-316.19446 31.169794
-234.29858 25.377893
-234.63630 25.465803
-312.59696 29.576096
-234.32126 26.301106
-298.80703 29.189763
-340.65416 30.559821
-251.21696 26.629960
-336.10972 31.297743
-214.99661 25.355189
-354.46060 31.828913
-325.65196 31.059373
-308.18306 30.473951
-243.19307 25.720892
-309.84372 30.843503
-416.58391 35.361427
-372.62032 33.902626
-354.46681 32.806132
-291.52019 29.632454
-338.81816 30.555676
-236.38360 27.269103
-275.30319 25.490289
-431.34131 36.561393
-286.13303 28.854090
-320.03692 30.043122
-209.46098 25.394845
-248.94759 25.818608
-251.92897 26.739326
-350.16667 32.770341
-315.48716 28.941942
-241.84577 26.367300
