-327.66507 24.626733
-236.35840 20.858061
-280.25867 23.108607
-243.95318 21.285464
-197.35166 19.701187
-270.06467 23.483817
-256.47324 22.149981
-278.38145 22.259112
-393.58245 27.502935
-274.50630 23.427317
-153.54310 16.139883
-268.78824 22.766658
-382.17494 26.955210
-167.76998 16.441259
-403.64899 28.028770
-251.48947 22.247579
-351.68829 25.809506
-352.26781 25.385172
-319.81651 24.056347
-284.05191 24.036459
-286.86575 23.622042
-262.32158 21.449076
-345.28613 25.304169
-263.27732 21.679336
-310.17050 24.027100
-307.83231 23.396020
-241.15827 21.209678
-236.20186 20.341624
-346.27867 26.089704
-274.94681 23.963519
-290.57032 23.005638
-285.20525 23.706574
-197.59500 19.665063
-286.37450 22.552190
-308.82753 23.676132
-250.10516 22.168000
-261.72382 21.861682
-313.45550 24.374081
-247.85292 20.856641
-243.61978 20.689599
-290.84191 23.167701
-378.54974 27.234985
-430.57562 30.122192
-246.19115 21.316749
-355.22217 26.844685
-304.95313 23.764941
-306.01822 23.578335
-299.62159 25.160719
-322.84959 24.318188
-283.73994 22.339002
-267.16095 22.264584
-398.10055 28.091920
-386.98988 27.580184
-320.85712 23.894344
-367.84900 26.766630
-369.85191 27.901202
-347.28931 26.021289
-214.77495 19.796026
-370.86320 26.920210
-316.53761 25.080795
-390.03965 27.596270
-263.94577 23.403714
-232.73634 21.373455
-259.82095 22.287139
-326.17991 24.861465
-280.43084 22.946963
-234.55973 20.525833
-354.15671 26.947955
-289.81356 24.678712
-305.39905 23.987783
-348.78846 25.596208
-278.39140 23.088789
-359.11867 25.614114
-326.72062 24.879631
-299.29647 22.656649
-263.00099 22.631820
-187.29755 19.360923
-337.30578 25.793614
-278.78419 22.188191
-290.23821 23.908915
-400.41340 27.993485
-306.95496 24.715901
-212.41881 21.341709
-313.41689 24.889961
-313.14815 23.174657
-332.57877 25.108789
-299.45044 22.600492
-332.68615 24.849394
-278.71763 22.725665
-361.32353 25.051499
-283.88137 24.345675
-290.51121 23.886059
-286.13061 23.166628
-403.76204 28.049600
-392.43528 27.536668
-348.60582 26.191293
-305.30977 23.756175
-212.64253 20.280435
-246.58615 21.896813
-360.18401 26.810372
-238.45783 20.279746
-279.92135 22.496795
-375.07027 26.387060
-260.78634 21.847317
-272.92865 22.843075
-277.00933 22.810122
-368.59289 25.479341
-296.42501 23.338078
-380.96056 27.721322
-205.28831 19.736375
-314.36989 24.036721
-405.64104 28.699198
-354.36751 26.522320
-208.27899 19.569213
-166.25223 18.116415
-264.89213 22.143939
-326.76070 24.883732
-331.22332 24.977416
-306.93765 24.656858
-223.35766 20.266482
-263.48015 22.436105
-298.02974 23.324624
-272.78353 22.744668
-368.87751 26.139610
-289.55123 23.331550
-232.24904 19.445349
-341.27563 25.228820
-276.03684 22.587423
-190.73814 19.237139
-351.56674 25.359530
-233.36644 20.886971
-388.86033 29.079457
-323.50644 25.345486
-260.81785 21.152391
-173.64431 17.835883
-254.60252 22.613572
-283.75873 23.161794
-269.97211 21.967458
-283.89971 22.791992
-181.50191 18.884683
-219.04018 19.332652
-356.44900 25.714199
-313.65272 24.922714
-379.79153 26.235748
-284.48867 22.403144
-306.58191 24.048240
-382.38930 26.928021
-198.50522 19.253715
-282.82111 23.032098
-195.50148 18.706733
-197.47398 19.670733
-314.42738 24.300823
-242.17953 20.770046
-357.22794 26.745995
-278.66741 22.060154
-217.85339 20.318696
-335.09390 25.357760
-381.46897 26.997489
-255.83944 21.296542
-287.51263 22.674926
-344.82715 25.773434
-260.02918 21.918936
-178.69025 17.254998
-329.00485 25.202117
-280.92798 22.933860
-298.11218 24.028040
-356.38213 25.811741
-210.55708 19.846661
-280.08075 22.947747
-282.21528 22.473190
-299.92104 23.140937
-348.46742 26.111036
-245.05131 21.276597
-362.53895 26.077345
-246.23413 21.672424
-337.21393 25.490530
-301.42537 23.339575
-287.12488 23.499964
-221.01262 19.360087
-296.84353 24.831759
-308.09326 24.872401
-263.83877 22.234405
-348.27717 26.359761
-316.43996 23.852755
-209.90443 19.810345
-387.35008 27.546395
-270.82092 22.696163
-341.06098 24.817466
-304.12300 24.119392
-250.65425 22.248362
-233.23261 20.931904
-322.49997 24.676200
-193.92662 18.355818
-344.11777 25.010217
-429.81731 29.448672
-253.47496 20.928109
-337.89976 24.042007
-334.39207 25.326797
-354.08143 25.984944
-245.99359 21.696166
-300.15661 23.916931
-290.22887 22.829721
-284.63533 23.288215
-258.09602 21.994706
-302.68144 24.583842
-323.70677 25.054092
-278.61679 22.433068
-249.86001 21.838139
-307.08252 24.139491
-296.11461 22.963420
-266.03434 22.284441
-300.19258 24.609626
-252.30956 21.542913
-284.82444 23.615127
-169.47385 16.561364
-299.56386 23.909980
-261.31870 22.525996
-348.22720 25.990534
-303.19417 23.344740
-289.59876 23.484609
-240.39106 20.897634
-245.30120 21.658081
-324.55118 25.103726
-265.18904 22.309609
-352.69335 26.296691
-245.73142 20.513719
-334.46900 26.077685
-384.25857 27.062010
-208.19957 19.630322
-282.16472 22.996343
-317.94936 24.503332
-227.80280 20.885884
-341.37878 25.858337
-217.98336 19.809385
-303.28321 23.489730
-330.25156 25.462943
-378.56697 27.039436
-229.96433 22.157556
-296.79506 24.210761
-411.25724 27.577012
-287.80391 22.962049
-222.94474 20.705006
-333.54393 24.775643
-422.02378 28.885025
-276.18362 21.429377
-364.06009 26.114770
-203.05322 20.017973
-283.49146 23.507925
-197.67188 19.200642
-270.07485 22.865573
-310.07432 23.983439
-321.19311 25.554080
-162.56715 17.361556
-202.31692 19.386601
-364.45525 26.251624
-339.55278 25.700297
-203.50171 20.379661
-309.96604 24.129531
-314.60681 25.545195
-264.89628 20.991685
-190.52324 18.081336
-373.77964 25.275007
-357.45823 26.718373
-306.47426 24.238195
-271.01665 23.536877
-251.30032 21.830988
-213.42015 19.666268
-325.10818 24.827300
-283.35613 21.797189
-232.04785 20.755033
-333.30018 24.862141
-214.93436 20.147267
-368.46907 27.488320
-274.85583 23.032345
-269.08118 21.550039
-304.29974 23.942929
-260.63884 22.427984
-213.55978 20.277557
-219.14855 19.454078
-294.88989 24.870782
-223.96673 19.307585
-255.64168 20.878611
-244.44899 21.529397
-390.07593 27.064720
-313.24257 24.194982
-274.69089 22.396595
-337.92018 24.802230
-258.68700 23.073829
-341.90510 24.713610
-253.37650 20.685687
-220.77246 19.132655
-250.27009 22.027331
-244.78698 20.776768
-279.16071 23.591604
-367.68544 26.979444
-378.77079 27.258685
-287.34453 22.327186
-215.34593 19.841111
-312.51098 24.114292
-238.57549 21.156159
-309.96959 24.863874
-281.89823 23.617816
-265.27576 21.702075
-251.40217 20.666889
-267.14902 22.686512
-226.36713 20.550312
-238.91455 20.504789
-334.34363 24.642478
-224.10889 21.096484
-204.13848 20.413882
-292.23713 23.169935
-275.65215 22.160528
-240.78931 20.669212
-338.48029 24.738757
-331.73176 25.133712
-375.77194 27.812739
-352.00922 26.203633
-272.64924 21.800190
-244.57176 21.504531
-338.63005 25.822271
-269.42334 21.767844
-285.92390 22.153912
-298.49009 24.286147
-335.87282 24.350198
-222.92157 19.028160
-230.78557 20.548165
-216.54600 20.400379
-242.10440 21.025292
-268.41786 22.671031
-316.98280 23.867538
-299.54363 23.834838
-318.43261 25.531863
-325.98780 24.878440
-315.30832 24.831718
-210.63858 19.068993
-347.40535 26.281045
-383.74383 26.764770
-288.33028 23.644114
-244.90301 20.988004
-294.54575 23.181295
-264.01545 22.872083
-204.19067 18.866760
-275.35474 22.300559
-382.36781 27.266580
-265.86433 22.035298
-301.36989 24.018719
-278.85945 21.678634
-268.25154 22.533486
-251.10478 22.074449
-237.87338 20.937463
-313.58842 24.973927
-241.16346 20.610124
-378.99561 27.511125
-270.51388 24.016943
-282.16402 23.832308
-298.83553 23.664706
-212.64944 20.147883
-383.15649 26.850094
-256.69981 22.304214
-245.49665 22.201827
-358.87124 27.436617
-320.33992 24.293920
-170.53280 17.837892
-281.43339 23.844802
-253.42304 21.299644
-245.66052 20.486292
-278.97616 23.188786
-202.14031 20.564279
-251.88867 21.729823
-355.60258 26.017718
-317.44033 25.161689
-340.46354 25.367604
-261.50175 21.520313
-235.44236 22.098860
-229.99116 21.413529
-205.55460 19.413836
-285.21692 22.549435
-335.79772 25.573951
-218.35222 20.912269
-225.80892 20.112035
-309.71626 24.573249
-227.68248 20.581558
-295.93109 23.331022
-290.78500 23.493191
-279.63623 23.080319
-220.73380 19.169850
-290.33095 24.832922
-297.26366 23.669468
-349.70857 26.974597
-146.86589 16.622114
-325.99632 24.746320
-348.19696 25.869224
-339.91092 24.654719
-206.13496 19.511212
-261.37789 22.871525
-97.056624 14.200756
-353.86573 27.262590
-295.29279 23.823602
-228.76739 20.031095
-319.74391 25.064065
-358.01075 26.510456
-336.64073 25.728042
-254.67827 22.583380
-322.26085 24.541300
-292.21057 23.037986
-339.73247 25.528178
-303.86796 24.464649
-247.39046 21.699040
-332.20628 24.618121
-304.00870 23.728571
-325.73872 24.816271
-241.17161 19.914379
-275.37078 23.818943
-268.41047 20.692922
-319.16029 24.675977
-234.79025 20.149653
-233.10774 20.639263
-302.86681 24.270240
-308.66884 23.886723
-325.67610 25.292404
-409.64589 28.207472
-383.54555 27.315074
-357.19128 25.637570
-255.33509 22.546775
-267.07244 21.049630
-272.08376 22.560403
-258.89898 23.202212
-202.01882 20.176704
-290.26451 21.878395
-281.29756 24.256175
-141.50672 16.246996
-218.77277 20.165977
-310.63816 23.881240
-259.52116 20.111796
-229.25097 20.493867
-366.32798 27.724354
-219.66152 18.964025
-314.97948 24.393807
-386.37540 29.010426
-295.92108 23.813316
-358.85302 25.976469
-295.52386 24.148251
-287.65725 23.250730
-330.43966 24.296446
-319.29177 24.425998
-269.96843 22.367475
-339.66822 24.905836
-289.75718 22.843495
-280.03487 23.095286
-233.24851 20.664572
-330.96137 24.085044
-285.63812 23.657412
-282.77007 23.101780
-275.55736 23.984538
-244.43126 21.045785
