-233.03159 16.371905
-338.78928 19.947258
-268.81971 16.981495
-165.95763 13.758858
-268.83608 16.975799
-403.17869 22.340589
-410.58504 22.562385
-284.91190 18.966212
-255.36883 17.676789
-264.46239 16.853702
-280.46774 17.799919
-323.53275 19.261103
-258.28120 17.112408
-263.54488 16.448101
-376.75860 20.252865
-313.88318 18.153492
-262.69520 17.355854
-214.58189 15.932819
-338.00748 20.521474
-259.68018 17.900232
-365.12380 19.391576
-262.72366 16.754603
-275.37586 17.389240
-154.97091 13.022128
-350.14405 19.413039
-242.63961 16.799654
-234.53799 16.937530
-421.03600 22.046944
-246.46375 16.820881
-212.89088 15.296005
-366.24064 21.108409
-291.79282 18.288257
-288.96226 18.422107
-310.19294 19.127306
-240.70223 15.905830
-285.40302 17.755179
-361.01881 20.433028
-280.66288 17.327591
-221.49331 14.959472
-249.70214 16.643375
-387.31149 21.527031
-291.75957 17.695288
-268.81992 17.289630
-255.73104 15.917152
-245.09345 17.213462
-204.85089 14.648678
-277.66365 17.999519
-328.88733 19.442198
-270.97782 16.962021
-379.13146 21.401650
-385.09816 20.666122
-229.44074 15.704515
-308.53659 18.245537
-271.88900 17.353177
-333.87742 19.474684
-225.57414 15.356456
-304.11793 17.879684
-325.06737 19.657078
-301.16921 18.885015
-237.02631 16.415702
-333.91480 19.885583
-309.40895 18.454177
-230.41523 15.478415
-262.07456 17.091693
-295.96967 18.573508
-348.54395 19.643640
-257.14544 16.447572
-272.17727 16.682958
-308.80258 19.613920
-327.43620 18.783427
-280.87915 16.842431
-200.93123 15.215248
-245.80189 16.111530
-260.24445 17.048174
-316.76013 19.331145
-283.90213 17.378474
-283.00648 17.904520
-300.14496 18.439048
-225.32495 17.105005
-242.59729 16.718627
-293.92181 18.159242
-236.31907 15.848005
-312.14621 19.030174
-200.56680 14.436432
-270.88007 17.280082
-184.54528 13.951628
-200.82372 15.003238
-304.20160 18.562430
-287.19059 18.276327
-352.63212 20.159409
-225.30795 16.620389
-322.77928 19.534803
-225.35167 15.221658
-254.54025 16.645256
-225.19406 15.698937
-170.15510 14.103197
-259.73623 16.552093
-253.26976 16.874281
-221.28252 15.752264
-234.09652 15.428596
-261.10015 16.945624
-250.25934 17.773678
-307.25775 19.097648
-220.17432 15.619135
-335.75619 19.305692
-217.01887 15.740556
-236.78334 16.602640
-208.20086 15.267518
-295.73389 18.488244
-294.70471 17.774138
-339.54580 19.248016
-327.63041 19.923569
-269.84284 17.014665
-335.93943 19.980522
-326.86451 18.978744
-376.28836 20.292842
-279.95792 18.390097
-280.09208 17.326767
-282.59045 17.375273
-295.17393 18.226611
-326.16215 18.770676
-176.17806 13.444862
-150.80045 12.784414
-292.10004 18.966727
-97.755469 10.791552
-312.27488 18.490187
-314.70623 19.414308
-342.38735 20.488403
-293.53675 18.401966
-189.97487 14.671920
-229.35034 16.196161
-279.89246 17.326893
-312.01464 18.496067
-233.91739 16.182791
-269.28784 17.865045
-246.15435 16.275366
-334.26205 20.307584
-235.02511 14.513277
-312.62029 18.704103
-273.81044 18.333445
-298.65554 18.733037
-234.12652 15.952419
-377.42604 21.611862
-308.60878 18.472574
-231.75062 16.148823
-282.30811 18.444971
-311.41743 19.143140
-325.71906 19.120531
-308.91055 19.235718
-290.54776 17.993073
-250.85490 16.965160
-273.12020 17.334266
-282.24817 18.166747
-349.77767 20.186378
-259.96652 16.350710
-352.94251 21.198964
-229.52714 15.358139
-236.17689 16.327565
-251.49703 17.156893
-230.88818 15.453546
-314.06045 18.466034
-218.86812 16.109143
-275.59062 17.389573
-150.57421 13.474796
-268.34103 17.462740
-345.60775 20.506589
-280.97525 19.079895
-298.64450 18.502983
-299.68689 17.437834
-297.62030 18.290183
-332.30038 19.623288
-240.81291 16.649394
-197.75065 15.056041
-285.78969 17.354929
-256.55658 17.069175
-262.54012 16.918922
-221.24637 15.527766
-286.21839 18.316334
-329.29632 19.723603
-287.80090 17.456725
-391.57636 21.107047
-285.42507 18.439946
-349.39444 19.993490
-261.27037 17.081521
-322.15696 18.047264
-263.08346 16.974642
-269.59252 15.805637
-360.26256 20.611703
-335.25159 20.230030
-289.39957 18.479513
-292.76813 16.631618
-176.05744 13.382738
-316.69964 18.925569
-343.12250 20.154288
-247.04713 17.214279
-391.53183 20.969907
-190.46528 14.356427
-311.41363 19.181149
-274.63561 18.851418
-318.24474 19.320565
-332.63600 20.506912
-249.79020 17.403158
-339.38828 19.583575
-261.64080 16.675447
-359.21842 20.079824
-292.29986 17.580807
-275.86012 16.616774
-306.43647 18.463462
-245.31156 16.005448
-158.58918 12.881853
-316.39398 18.470307
-339.02713 20.268244
-268.27793 17.122516
-326.66854 19.814430
-306.06846 18.686236
-224.10415 15.139923
-238.44093 17.022719
-269.41287 17.169520
-215.92377 15.953940
-197.40112 14.691644
-275.56156 17.291794
-393.43970 21.988611
-271.87497 17.269219
-230.16384 16.050664
-206.59015 14.283901
-233.14244 16.376656
-362.31417 20.728853
-390.09372 21.005150
-323.08186 19.218492
-378.27682 20.697085
-252.05529 16.814513
-256.94179 17.584910
-249.13112 17.205571
-332.87272 19.612722
-349.60566 19.173911
-225.06047 15.192943
-320.16267 19.030687
-322.52050 19.836216
-363.34466 21.060823
-325.88779 18.854398
-257.91017 16.592940
-207.07958 14.834690
-339.01775 19.258119
-284.32080 17.977106
-229.07021 15.308146
-277.43879 17.459337
-238.66214 16.562953
-307.62809 18.137258
-186.05295 13.586174
-291.91372 17.632354
-310.51784 17.971745
-317.45785 18.831754
-359.85255 20.696060
-227.62805 15.674529
-346.73956 20.086941
-215.39304 15.790581
-324.57990 19.164659
-329.45586 19.067847
-357.61954 20.073995
-210.69966 14.822797
-302.24899 19.409243
-270.30007 16.873937
-323.01732 18.826114
-317.27580 19.577587
-206.72569 14.925555
-326.48225 18.716295
-328.18106 18.518768
-250.45844 16.559867
-350.28161 20.421965
-303.94336 18.473688
-255.11408 16.696245
-223.79206 16.501665
-282.10754 17.697081
-176.63163 12.900284
-304.24283 18.018301
-287.43897 17.107629
-350.05032 20.027613
-266.75477 17.507985
-267.63374 16.747174
-244.21075 16.570187
-269.95237 17.286634
-196.81005 15.029422
-157.02665 12.974045
-317.34267 19.952463
-186.62867 14.591201
-310.12903 18.661579
-300.26067 19.022798
-269.09206 16.585240
-190.80228 14.754390
-390.29034 21.158413
-255.47735 17.014044
-264.29503 16.934334
-272.31847 16.927987
-296.57521 17.971603
-278.99051 17.078730
-310.75392 18.877883
-246.92392 16.776120
-326.07499 19.507065
-261.09261 16.813575
-324.29398 19.289607
-315.20619 18.393351
-227.03883 16.093215
-348.94229 19.349243
-285.06027 18.242516
-92.438908 10.500144
-309.58652 18.991962
-250.63815 17.233309
-238.69401 16.460104
-342.89575 19.686548
-321.89967 18.942916
-250.49545 15.614530
-285.77527 18.349964
-239.34564 14.933960
-285.13789 17.114666
-260.10557 17.692340
-398.13233 21.506341
-307.53353 18.900581
-343.59392 20.074077
-248.95863 16.546955
-381.18949 21.892075
-261.61560 17.413024
-329.09984 19.319431
-285.20262 18.031813
-175.43497 13.573843
-283.64483 18.364752
-234.90949 15.810442
-291.85823 18.553596
-408.32045 22.257120
-395.57125 21.679720
-238.64382 16.058904
-371.61691 20.558617
-277.67470 17.663370
-281.63745 18.662073
-281.41982 18.299051
-240.87041 16.706305
-290.10333 18.532223
-240.45740 17.347523
-301.68280 19.104575
-346.09352 19.991531
-379.54102 21.148859
-244.90736 16.441324
-333.18596 18.829173
-235.05930 16.339836
-338.99256 18.582142
-372.19373 21.369374
-214.65743 14.742556
-300.46237 18.416191
-323.63876 18.901334
-354.13608 20.201505
-288.10280 18.709477
-235.64305 16.476057
-383.67216 21.354081
-278.64663 17.779022
-348.77923 19.826722
-328.82955 19.644198
-239.78663 15.935165
-228.92540 16.215005
-264.72823 17.801302
-366.38266 20.418912
-351.54721 19.894437
-234.54651 15.171070
-208.28159 13.663378
-323.30962 18.094275
-246.34102 16.330487
-222.19811 16.091226
-369.89222 21.290882
-226.11193 16.084380
-278.89999 18.444242
-231.42694 15.649903
-220.22197 16.073767
-250.61261 16.854519
-372.20373 21.099913
-314.93013 19.545911
-210.16405 14.647037
-238.45796 16.652936
-239.18579 15.758295
-203.42479 14.504377
-317.03662 18.988367
-218.84955 15.696891
-259.85878 17.165049
-344.30156 20.018347
-155.81450 13.564429
-309.75489 18.977920
-430.11208 22.586583
-269.34950 17.483652
-277.97056 17.849566
-297.76240 17.390332
-213.86123 15.492431
-283.63765 17.837933
-319.85476 19.756871
-392.95884 22.257251
-193.10456 13.536424
-370.87830 20.595967
-161.24063 12.689056
-397.13371 21.119274
-312.42258 18.791099
-270.24189 16.384452
-298.69775 17.709201
-255.71373 17.145944
-352.19940 20.352052
-343.65925 20.058611
-275.80172 16.998690
-371.65287 21.368577
-276.60452 18.054194
-198.29712 14.804803
-309.36250 19.330334
-300.00506 18.391633
-335.40576 19.335870
-241.84041 16.609779
-253.54955 17.305240
-326.51661 19.569259
-305.30997 19.411092
-292.66780 18.063453
-214.08236 14.984159
-278.56301 17.183598
-369.57500 20.100927
-282.58578 16.649808
-396.44209 21.649334
-280.71157 17.895813
-344.38977 20.336424
-293.64471 17.576356
-215.16850 15.947831
-245.38025 17.207671
-304.19860 19.029906
-244.28222 16.320133
-234.15188 16.194432
-340.09295 19.324403
-326.74517 18.904303
-356.33233 21.038061
-198.74487 14.740015
-319.34958 18.956047
-270.92223 17.484017
-344.63804 20.282611
