-318.83211 13.857702
-477.29434 18.322327
-281.75887 12.744879
-191.30474 9.7953218
-350.71856 15.259559
-358.45101 14.575687
-268.24116 12.601670
-367.72725 15.822887
-254.30815 12.466560
-330.25232 13.753838
-359.45262 15.902147
-326.32890 14.013749
-296.29661 13.386060
-233.98042 11.938554
-388.19804 16.110976
-378.86864 14.863164
-235.73636 12.365498
-300.74790 14.017869
-299.77841 13.790981
-345.91863 15.138889
-246.94328 12.282638
-293.29374 12.962203
-286.08815 12.932107
-233.33976 12.753409
-263.34788 12.963729
-306.19077 12.987782
-276.84901 12.504679
-262.19922 12.701107
-351.10929 14.867659
-258.36110 12.607649
-207.94936 11.237189
-288.04923 13.130759
-248.38372 11.344210
-260.27288 11.882386
-382.88100 15.881169
-287.18653 12.729357
-262.12888 12.418535
-333.10392 14.600416
-261.85862 12.271162
-231.47046 11.194662
-258.52064 12.023481
-213.85946 11.665989
-260.35331 12.382255
-224.15028 11.937726
-230.39421 11.812448
-341.63006 14.917237
-235.95845 12.491711
-232.51646 11.062670
-365.57844 14.968979
-229.76922 11.214178
-341.41579 14.351755
-256.92230 11.647881
-343.84254 14.029618
-270.26026 13.416157
-365.36214 15.288119
-402.92265 16.385691
-402.67143 16.052623
-243.21004 12.647955
-293.38011 13.401131
-274.15117 13.393320
-366.44870 14.931910
-290.88662 13.479500
-211.26437 11.102624
-257.37079 12.635124
-254.26562 12.232269
-238.86959 11.402502
-241.49968 12.651499
-307.54423 13.885143
-336.34135 14.437912
-325.21501 14.354838
-253.96628 11.975732
-208.04619 11.037210
-318.99337 13.905522
-232.46296 11.906752
-214.23152 10.745010
-218.80177 11.228228
-275.21195 13.652215
-403.49255 15.860263
-84.392124 6.1497711
-253.16495 12.418329
-289.35864 12.766693
-225.80868 11.579991
-333.44248 14.321305
-172.39421 9.4226765
-236.01924 12.138993
-343.07777 15.051650
-263.20042 13.202682
-293.61588 13.937762
-305.78951 13.288244
-293.92392 12.945371
-368.25292 15.177986
-245.09780 11.469604
-352.60784 15.133762
-242.01596 12.327109
-182.95610 9.5355033
-271.03825 12.559161
-295.69308 13.810516
-249.79294 12.990259
-277.88519 12.130579
-242.66477 11.637104
-253.25582 12.667913
-238.79594 12.358722
-318.53538 13.903001
-285.43192 13.830858
-355.19794 15.036985
-320.17681 13.954597
-270.63353 13.405254
-235.07487 11.725539
-265.28175 11.819408
-219.48297 12.034117
-238.03192 11.439117
-242.99096 12.091065
-297.87297 13.332810
-299.91105 14.266162
-305.36310 13.756826
-255.15935 12.349160
-297.11306 13.262060
-373.45781 15.404244
-239.30835 12.584099
-304.64487 13.404807
-236.24790 12.128102
-298.87218 12.846654
-186.50977 10.545157
-223.22033 11.517213
-326.75936 14.532227
-299.96928 13.545939
-283.55344 12.387934
-315.65401 14.522586
-250.11515 11.528434
-252.98623 13.211944
-239.92947 12.454035
-233.14911 11.826903
-316.44247 13.643465
-296.31735 13.749630
-316.30110 13.856637
-215.99245 10.126895
-313.24409 14.183759
-268.78977 12.395100
-296.40084 13.313972
-237.17448 11.942031
-232.70632 11.873846
-330.90918 14.387995
-285.15547 12.932534
-272.26436 12.104100
-235.14247 11.379921
-315.44648 14.649496
-245.25736 12.915849
-377.89229 15.710086
-365.32698 14.647261
-304.43207 13.744648
-248.32812 11.634396
-208.96662 10.121661
-287.96929 12.722478
-198.72090 10.673050
-367.49674 15.680680
-220.10303 11.120873
-396.99225 15.986228
-297.68842 13.874412
-319.86738 14.142620
-270.81233 12.484023
-240.14508 12.526641
-307.52471 13.699105
-283.52934 13.509294
-310.39464 13.544835
-197.49406 11.254010
-278.73044 12.347772
-323.01958 14.038365
-159.22174 10.026855
-228.60173 12.303961
-288.21002 13.498870
-296.38945 13.437331
-246.95150 12.292270
-267.38300 11.881060
-176.82098 9.3089554
-218.59486 11.699475
-271.70916 12.702177
-288.46729 13.661423
-208.18165 10.726181
-324.61918 14.005056
-263.82081 12.700760
-247.89432 11.930661
-297.46839 13.298820
-268.78725 12.630104
-333.97858 14.517910
-241.82836 11.683816
-327.12786 14.355019
-242.49391 12.101727
-263.02397 12.864174
-303.19437 13.674762
-285.30312 13.858985
-333.38644 14.153994
-210.55561 10.724201
-294.40164 13.029389
-267.78620 12.223193
-221.68218 11.364084
-290.45087 13.527796
-258.75488 12.784513
-327.35514 14.525474
-294.29776 13.327267
-330.04672 14.206811
-258.85881 12.405561
-215.72066 11.151470
-365.84931 15.337791
-387.01030 15.479865
-307.55619 14.025289
-329.66125 14.431462
-303.33511 13.608059
-343.05052 15.043102
-235.61722 11.593342
-281.23862 12.687159
-198.29670 9.9723094
-311.55852 14.368716
-417.82070 17.133580
-253.51996 12.086264
-276.21153 12.366009
-228.98130 12.115616
-184.99502 11.172819
-342.68253 13.915005
-278.70423 13.308272
-222.73151 11.735561
-220.59898 11.893450
-348.96949 15.025349
-275.08326 12.312942
-357.75141 14.962324
-341.91999 14.095261
-209.03329 10.830414
-368.17271 15.297563
-266.09796 12.459103
-87.064942 6.7071178
-314.37365 13.274628
-264.86459 13.226168
-332.60546 14.653907
-229.71131 11.814896
-266.60206 12.130818
-356.01943 14.167365
-230.76795 11.985369
-250.98127 11.708325
-175.04808 10.454721
-292.70262 13.692642
-270.69185 12.952215
-330.03268 14.319792
-290.26200 13.346543
-334.78526 14.226518
-222.65282 10.815924
-231.44239 11.755387
-226.63217 10.807976
-229.16070 11.136105
-272.25596 12.381762
-220.02397 11.288833
-234.78175 11.531203
-276.28100 13.092502
-298.92425 14.017151
-215.87382 11.183483
-344.69469 14.905280
-394.83748 15.566991
-245.31347 11.655393
-318.17348 14.055365
-301.48927 14.054276
-335.66383 14.655010
-320.45048 13.279491
-358.46305 15.397972
-234.25398 11.987497
-282.52446 13.466505
-274.10791 13.201293
-290.44644 12.083617
-280.80444 13.157834
-226.50396 11.149628
-208.59972 11.486946
-267.56341 12.368374
-243.56357 12.449703
-292.66078 13.108565
-355.80264 14.754209
-282.38954 12.578012
-212.14060 11.905595
-193.91910 10.654355
-336.63297 14.522998
-284.26058 13.407532
-296.69737 13.507278
-287.46657 13.985479
-293.56014 13.142770
-260.94939 13.381688
-356.63040 14.818084
-364.68131 14.987721
-173.68744 9.0202905
-253.57640 12.898941
-257.40602 12.575362
-219.79413 11.496301
-212.70878 10.957109
-208.65686 11.094200
-322.46845 13.536127
-254.10818 11.837253
-278.97134 13.109954
-294.70784 13.845165
-233.22900 11.582699
-220.20541 11.426293
-234.38115 11.920820
-279.76203 12.910816
-264.78349 12.325756
-332.82327 14.727931
-192.34135 10.076496
-283.74930 13.235373
-260.41018 12.349951
-294.12603 13.879852
-406.26796 16.516065
-289.09227 13.788091
-292.96834 13.551273
-281.08152 13.214378
-312.89328 13.274011
-277.82455 12.924406
-244.59273 12.014963
-276.72947 12.860429
-290.89353 12.488299
-301.74851 12.959674
-317.66913 14.922385
-306.69217 13.459311
-300.33265 13.909345
-254.68627 12.501470
-256.68758 12.189368
-256.39499 12.198967
-290.86185 13.137868
-373.50741 14.742312
-272.62333 12.812826
-307.99851 13.562762
-401.61880 16.319057
-307.10811 13.153662
-269.11914 13.190334
-299.81248 13.294965
-198.90062 10.641149
-251.25593 12.139055
-273.66959 12.223410
-323.81021 13.926267
-194.76322 11.143423
-227.16139 11.822679
-190.32820 10.223885
-377.15783 14.993710
-313.61562 14.482522
-214.26018 11.235451
-156.14693 9.5680895
-322.46187 13.495336
-274.13988 13.200966
-296.11410 13.720916
-286.71882 13.290115
-217.72734 12.233808
-170.20185 8.9322341
-226.90998 11.804766
-254.88136 12.248607
-212.41598 11.206819
-282.01925 13.280001
-204.44041 10.789229
-245.44538 12.009904
-389.31178 16.233020
-225.64505 10.782128
-240.91720 12.475613
-195.22616 10.935882
-212.58750 10.990860
-333.42223 14.234437
-152.36354 9.5870814
-207.87045 10.479884
-217.82484 10.956467
-211.10163 11.203782
-352.44453 15.136698
-248.82441 12.031544
-177.93556 10.466224
-151.06958 9.2970548
-257.36560 13.475248
-340.67423 14.906573
-254.01378 11.771771
-276.50041 12.506543
-322.03637 13.443914
-395.18170 16.339937
-209.46959 11.782024
-197.62742 10.164413
-226.73120 11.625147
-276.19291 12.685534
-290.42115 13.550986
-150.49899 8.7307756
-274.34134 12.531244
-255.42395 12.113402
-282.35921 12.954168
-328.01888 14.079135
-297.12020 13.631140
-258.64837 12.094481
-396.95512 16.393144
-318.84302 14.240323
-211.97810 11.630017
-305.48556 13.806278
-267.28267 12.403790
-248.67097 12.628157
-163.13475 9.2656958
-301.45335 13.783339
-269.36639 13.082148
-334.12625 14.854149
-283.31473 13.167658
-339.43360 14.511803
-304.56039 13.087671
-341.23580 14.274814
-241.36199 11.973881
-371.39703 15.536926
-223.95776 11.296657
-342.47751 14.624348
-240.34073 11.715809
-256.23425 11.779292
-320.50384 14.273069
4.3176647 3.7458521
-210.01221 10.272422
-220.65683 11.543113
-237.63903 11.265808
-332.73685 13.358418
-312.09306 13.428693
-255.21486 12.285288
-310.26363 13.493785
-244.22536 11.636021
-306.55028 13.664410
-235.44441 11.579452
-168.25600 10.040684
-283.21117 12.730534
-243.62427 12.923091
-299.04732 14.233221
-269.23550 13.100800
-260.51670 12.581902
-230.75262 11.105437
-330.24929 14.331605
-252.21465 12.347938
-307.57501 13.592339
-319.62535 14.120217
-328.05721 15.004221
-219.69334 10.500959
-202.73089 11.080603
-254.85228 11.995093
-128.90541 8.6028514
-251.06860 12.180116
-228.70847 11.603938
-312.68845 13.753138
-280.98024 13.627294
-354.78321 14.973589
-283.60257 12.962857
-289.83249 13.509481
-201.37634 10.052822
-227.86509 10.969557
-348.24036 14.729152
-300.93716 13.823328
-204.54987 9.8749251
-216.53221 11.613226
-297.57272 13.487481
-297.22961 12.989101
-271.62447 12.516550
-229.18762 11.527034
-303.45756 13.435348
-300.86027 13.487197
-241.11070 11.727674
-350.32615 15.120497
-265.41517 13.104998
-321.30590 13.716495
-245.02410 10.915440
-354.69772 14.854251
-259.05306 12.855661
-209.64227 10.780819
-281.48273 12.787681
-377.60160 15.603961
-305.24304 14.127099
-300.64262 13.831950
-239.26761 11.664296
-334.00054 14.419102
-320.85653 14.150792
-288.76520 12.730799
