-134.92387 5.8135826
-205.98216 7.3766595
-299.87258 9.0632335
-306.47572 9.0466787
-318.04072 9.1230662
-175.10856 6.7048777
-338.71106 9.5396935
-241.54598 7.8013018
-232.91661 7.7513529
-275.60062 7.7656814
-264.15151 7.6970251
-219.03888 7.3259794
-228.08898 7.2919700
-396.58564 10.629504
-246.04542 8.4907382
-320.95194 9.4711526
-297.24499 9.0284726
-266.76132 8.3682263
-217.93530 7.4295585
-248.69964 8.5735802
-288.10785 8.2322070
-207.96905 7.5613358
-275.06441 8.1630357
-251.79272 8.5216941
-137.42410 5.5251727
-230.92935 7.6556956
-259.48362 8.0513495
-267.80727 8.1437176
-297.85144 8.7648305
-285.72360 8.9973392
-241.98158 7.5218066
-280.51358 8.5358872
-324.91514 9.1350822
-311.37936 9.1559159
-226.52410 7.4497362
-247.40605 8.4341831
-364.87860 9.9131449
-398.44454 10.140600
-257.49578 7.5641783
-231.05948 7.8701457
-247.15342 7.7183987
-345.54647 9.5771208
-329.83815 9.3948209
-283.62650 8.3655644
-306.60175 8.7446233
-385.20280 10.123614
-384.97560 10.186504
-221.14298 7.9117342
-197.03243 6.9930491
-302.32261 9.0717349
-232.89506 7.7755863
-301.39393 9.0349303
-250.90479 7.8520665
-288.16823 8.4638733
-242.55549 7.9959012
-291.56555 8.5387219
-251.02449 7.9943921
-290.47640 8.7119510
-254.57039 7.8970697
-203.89348 7.0775809
-344.10849 10.408225
-270.20561 8.3170305
-315.72573 8.9381114
-250.71735 8.1407064
-275.14085 8.1959106
-290.04421 8.8705516
-279.30911 9.0093034
-438.88013 11.760369
-325.01260 9.8113377
-360.45938 10.052942
-263.46575 8.7009665
-209.61113 7.3595658
-291.73802 9.0132236
-273.74173 8.3856486
-283.90398 8.7443290
-314.46363 8.8625049
-270.50972 8.2843138
-258.13030 8.3330418
-101.29437 4.5441887
-247.98212 7.4623271
-227.96487 8.0868852
-312.15266 9.6608156
-355.33100 9.4329454
-224.43311 7.7470909
-267.42641 8.3208391
-194.19723 6.8337999
-247.19850 8.2239774
-204.86052 6.9851464
-332.92012 9.3715915
-294.12869 8.8960219
-257.82486 8.1167826
-237.41011 7.4245751
-289.17386 8.6802317
-203.01597 7.1509862
-277.30504 8.2734203
-304.70872 9.2583156
-272.04786 8.3923843
-273.41917 8.2713448
-258.93272 8.2940526
-265.29232 8.1599441
-290.14356 8.7459000
-317.26065 9.8301015
-303.85889 8.7435783
-202.81227 7.2613310
-276.45269 8.4143383
-262.82787 8.5819465
-217.55325 7.8406023
-305.93078 8.7709692
-247.03436 7.6579884
-278.97426 8.8143966
-231.04508 7.7070847
-329.04322 9.4183879
-318.94591 9.5150546
-325.52954 8.5793414
-285.42331 8.3078215
-369.77630 10.251768
-391.56540 10.292142
-229.71531 7.3460820
-222.40485 7.6012804
-320.30153 8.4449548
-286.62862 8.6523484
-287.66864 8.4928496
-134.58811 5.5563568
-234.10563 8.2046084
-272.49891 8.4599788
-218.10280 8.1939780
-232.31964 7.8818627
-225.86576 7.7399768
-231.36500 8.0199752
-292.57122 8.9732085
-230.79552 7.4848664
-258.40375 8.6304300
-355.48001 9.6774217
-215.60031 6.7145398
-248.57569 8.3698636
-238.78027 7.7009833
-216.51283 7.4525901
-342.90634 9.7982428
-283.26196 8.4905986
-357.43716 10.237916
-298.59589 8.8732803
-342.11307 9.1592058
-224.46373 7.8374448
-328.73633 9.6257230
-294.08995 9.0489005
-266.31621 8.3742192
-276.42775 8.6472824
-225.81922 7.4311108
-241.83409 8.0376054
-492.36812 12.033791
-244.39935 7.7685789
-332.61446 9.5119079
-244.27404 7.3759149
-260.18636 7.9679650
-362.28846 9.9033634
-282.97939 8.7496995
-281.76151 8.7262798
-300.21288 8.8753989
-201.29196 6.9515058
-244.94853 8.4567985
-224.47503 7.8164951
-239.82125 7.7552862
-311.56986 8.9887858
-311.06691 9.0619279
-306.50025 8.6981084
-178.10816 6.2108684
-199.30262 7.2534313
-330.38495 9.3228427
-289.48721 8.9976815
-200.42713 7.4157297
-357.05154 9.5884699
-284.05919 7.8335387
-275.32713 8.1596183
-227.17774 6.7891383
-267.20439 8.1709745
-328.06667 9.7037736
-286.13830 8.8790934
-253.51227 7.4218969
-331.28277 9.3733873
-390.26824 10.587865
-312.77876 9.0717919
-301.48912 9.0520395
-219.58931 7.8317069
-244.18481 8.2229605
-263.44773 8.4033354
-278.89674 8.3345434
-239.64014 8.4254727
-400.73757 10.808231
-316.89637 9.6715842
-253.89220 8.5685514
-278.07636 8.5023410
-309.31725 9.2027292
-182.44510 6.4973359
-324.19694 9.0223550
-196.19367 6.9838438
-361.27776 10.293312
-305.70497 9.0660857
-307.44410 9.1484234
-171.06158 6.8181168
-249.13841 8.3043087
-228.67763 7.8128124
-370.20675 9.7083168
-348.56350 9.6267150
-272.92036 8.5895791
-253.52058 7.8712950
-422.92120 11.251711
-253.81655 7.9910351
-253.18222 8.0219054
-295.02523 9.2659311
-255.84229 8.4556168
-305.57838 8.9164299
-324.00953 8.9959000
-299.99966 8.9841044
-183.22205 6.2700127
-287.74382 8.7537008
-375.27997 10.007897
-339.74517 9.6785929
-127.03149 5.4621586
-204.28501 6.1769551
-230.67666 7.4042358
-290.64247 8.9979057
-309.09415 8.9765515
-265.80888 8.6347771
-255.82779 8.9062135
-269.67965 8.0714433
-201.32100 7.0450859
-233.61823 7.4850992
-178.20282 6.6869462
-293.99443 8.3369254
-254.17092 7.3737505
-263.16068 8.2998858
-232.83900 7.5522592
-287.89871 9.0971340
-319.04510 9.6199918
-287.84648 8.6930968
-254.12485 7.8451475
-302.28692 9.0133349
-280.93171 8.3911004
-221.01094 7.2814440
-236.35292 7.7355097
-277.50249 7.9859065
-228.75173 7.7746341
-250.52709 8.4935678
-277.70807 7.8965661
-313.52085 8.4034877
-198.75643 7.2727971
-319.00672 9.4198801
-222.31332 7.4514732
-477.98283 12.082379
-341.23781 9.6742326
-300.45422 8.6489836
-306.35751 8.5831248
-282.23145 8.5356051
-284.60759 9.1258010
-286.82403 8.9924630
-319.50166 9.3677202
-272.58851 8.4937254
-318.44037 8.9974332
-307.91207 8.6265943
-274.54671 8.0803942
-367.27554 10.409058
-202.08474 7.3374632
-271.53061 8.3187803
-301.80297 9.5398002
-256.36956 8.2727045
-368.25476 9.5338041
-296.12516 8.9900686
-243.17818 7.5276825
-232.51242 7.3918454
-264.15947 7.7677143
-353.01630 10.204156
-214.07628 7.3886845
-204.35407 7.0964226
-233.43653 7.7309128
-261.21969 8.0096758
-313.44412 9.6062617
-197.19619 7.0416319
-306.72858 9.2108046
-387.22731 10.297070
-225.88069 7.7668527
-325.42081 9.3066046
-246.21302 8.4078523
-254.09738 8.0577616
-248.33070 7.6093286
-245.15843 8.0020231
-279.24337 8.9092992
-303.60060 8.7960039
-207.24485 7.4046805
-250.55730 7.7476226
-234.57302 7.5134287
-204.95552 7.6966922
-260.67128 8.0438292
-251.78736 8.0131395
-311.22956 8.8013163
-211.00445 7.4070787
-353.30771 9.9186288
-331.18404 9.4150739
-301.09855 8.7178519
-253.79343 8.2486147
-335.37840 9.6840026
-229.96933 8.3218593
-350.57045 10.006874
-282.80889 8.3526006
-229.11138 8.1987666
-276.16072 8.8688785
-233.75621 7.5235399
-284.81548 8.5166729
-112.56549 5.4574516
-294.46670 9.5312784
-282.11218 8.7331223
-290.24754 8.9679129
-268.29146 7.7892265
-360.21263 9.8013994
-286.44256 8.9382614
-182.88550 6.7166382
-204.01154 6.5244012
-293.47022 9.1227934
-302.40243 8.7467686
-245.77300 8.3158945
-329.00380 9.1896807
-333.04847 9.3157817
-261.03017 8.1894267
-262.08439 8.0497287
-216.81304 7.1465208
-313.76241 9.0373930
-224.06016 7.5242771
-167.07575 5.8505181
-336.31853 9.2894352
-265.71001 8.3421073
-237.59570 7.7921123
-300.47115 9.1714860
-280.97233 8.9078877
-311.02806 8.6831806
-330.69720 9.7007723
-207.51073 6.9441569
-292.00044 8.6517455
-300.28786 8.6454239
-244.93306 8.4233542
-288.64465 8.7649500
-307.93595 9.2631378
-303.27550 9.4532225
-202.06787 6.9927313
-253.43391 8.0040131
-194.72189 6.9763432
-204.77805 7.1567031
-284.94111 9.0657230
-364.34461 9.6707922
-233.53747 7.8759148
-234.01885 7.8894358
-283.52140 8.1204053
-248.77163 7.8223886
-289.09911 9.1068192
-329.62360 10.084764
-285.96949 9.1736991
-206.24444 6.9466247
-296.44109 9.2044442
-234.93170 7.4859312
-265.80360 8.8691888
-273.83339 8.6887637
-252.95872 7.7420781
-287.58844 8.3745086
-309.04992 9.2819503
-223.83263 7.2241289
-309.27741 9.5936819
-247.69710 7.6915628
-240.11107 7.5114801
-255.81490 7.7867155
-280.15749 8.8460478
-346.72901 9.1902709
-350.15763 9.9147239
-270.45578 8.8463706
-208.61768 7.2506583
-293.48026 8.9879684
-177.40835 6.4793365
-184.06215 6.7237908
-350.32322 9.9003209
-310.00940 9.1653708
-233.20093 7.3102683
-323.60429 9.0535381
-275.30371 8.8138707
-260.23929 8.1190421
-125.86806 5.5080949
-248.64835 8.5019420
-250.78513 8.4288253
-332.87699 9.8100797
-279.08678 7.8524574
-233.79202 7.6340343
-282.90932 8.4977215
-228.71209 7.3746654
-294.20541 8.9716122
-233.71332 8.0840732
-224.63796 7.5370856
-216.93161 7.2699546
-253.22614 8.3032744
-371.62948 10.254701
-342.75904 10.178976
-285.07946 8.6278977
-246.85638 8.0209304
-186.60013 6.7391642
-303.00291 8.8551750
-310.46725 8.9073210
-270.98696 8.6852414
-193.75926 6.9868614
-194.85113 7.0425071
-161.56591 6.0714141
-322.80823 9.4663363
-282.02006 8.4386771
-329.09537 9.5970968
-47.475524 3.9428057
-321.64186 9.0096569
-319.27844 9.0267039
-248.23069 7.3920153
-291.39493 8.9837307
-248.90747 7.7939409
-331.51701 10.050312
-321.21185 9.2724853
-326.07400 9.5150777
-335.84436 9.5126882
-239.11467 7.5004028
-359.63704 9.6822556
-306.29000 8.4067733
-250.46729 7.7917386
-198.77862 7.3772587
-328.71836 9.3270712
-313.42784 8.8976877
-194.86077 7.1677885
-379.17881 9.9567447
-167.84990 6.2519347
-234.32382 7.9967637
-216.98182 7.2248668
-238.11124 7.4306578
-358.41779 10.161892
-254.84639 8.1698069
-279.11800 8.2698075
-239.33552 8.1334420
-234.31394 7.6060118
-202.43783 6.9505315
-321.01865 9.1915531
-330.94429 9.2434229
-185.67026 6.5556219
-237.09362 7.5528319
-335.64414 9.7733951
-322.92742 9.5365305
-293.39813 8.5647813
-255.92537 8.5723722
-239.44653 7.8307511
-294.08953 8.9973532
-284.98436 8.4694878
-319.44820 9.1649838
-277.96241 8.0344446
-117.34493 5.1176158
-231.01473 7.6968993
-276.89508 8.3735020
-209.73937 7.6887881
-231.08045 7.9241250
-311.63601 8.8470446
-289.75765 8.7449698
-220.78450 7.4888365
-238.18005 8.1891124
-297.52219 8.7738562
-407.36057 10.866106
-210.48354 7.5167644
-380.51364 9.9566924
-297.03537 9.0296256
-219.16180 7.6709873
-231.43410 7.1431621
-273.49653 8.8588114
-347.12260 9.7275502
-294.52528 8.6453716
-221.85689 8.0524697
-253.51384 7.9854202
-323.61333 9.3483006
-151.98455 5.5963752
-294.95754 9.2790237
-244.25174 7.9502164
-295.80119 9.0095950
-301.24624 9.6392881
-283.51901 8.2433085
-314.05482 9.2508105
-276.49519 8.8809610
-331.90301 9.2387390
-247.13465 8.2147122
-230.40262 6.8926592
