-237.46278 3.5791427
-326.84667 4.7978863
-247.75789 4.1140566
-290.32853 4.6418895
-169.93303 3.4264343
-329.82069 5.0127436
-391.14300 5.0188305
-286.80594 4.4182086
-48.068138 2.0333270
-288.53217 4.4929368
-298.74768 4.6306069
-39.437137 1.5887679
-165.43930 3.0722620
-318.00975 4.8462038
-267.44645 4.2814171
-297.90949 4.8889390
-267.00151 4.2444250
-208.91700 3.8937203
-285.60977 4.5447314
-229.68249 3.8848287
-308.67826 4.7374731
-203.19799 3.8324950
-165.84260 3.2682030
-264.46508 4.1185686
-271.99117 4.0975130
-325.03904 4.7477313
-292.46869 4.5870247
-262.21518 4.3205232
-300.06574 4.6160516
-241.10093 4.0435915
-309.08197 4.4451222
-241.22113 4.0185518
-268.39634 3.9139257
-184.73582 3.2413147
-311.50993 4.8118706
-238.26115 3.8175797
-295.86942 4.5835509
-182.63271 3.5322060
-319.60731 4.7885635
-264.48064 4.5479521
-197.59007 3.6009954
-212.84774 3.5920126
-359.69151 4.9813381
-267.67745 4.2870821
-208.92128 3.8246274
-398.81548 5.4647878
-169.77911 3.2008076
-309.72091 4.2571712
-312.14852 4.5967426
-282.56366 4.5463765
-293.68077 4.6282097
-163.16030 3.4337484
-306.27353 4.5309948
-244.24563 4.0786410
-215.72574 3.7036398
-254.14871 4.1507809
-293.90182 4.1925654
-313.00796 4.5770269
-238.62177 3.7743742
-241.64981 3.8715123
-307.96290 4.8576541
-225.30550 3.9485244
-277.08298 4.3792910
-173.07082 3.1643688
-255.61573 4.1789774
-250.19968 4.2443108
-187.15286 3.4013949
-330.06949 4.4480542
-292.31841 4.2931865
-157.18869 3.2060497
-275.86908 4.0487910
