-231.27401 0.0000000
-209.75250 0.0000000
-190.98266 0.0000000
-290.77514 0.0000000
-303.60928 0.0000000
-308.50720 0.0000000
-274.70132 0.0000000
-244.74856 0.0000000
-251.23992 0.0000000
-350.13867 0.0000000
-289.99249 0.0000000
-313.65210 0.0000000
-215.29309 0.0000000
-142.35882 0.0000000
-345.73129 0.0000000
-314.70224 0.0000000
-317.44497 0.0000000
-218.58294 0.0000000
-270.58471 0.0000000
-355.58605 0.0000000
-133.46130 0.0000000
-211.75051 0.0000000
-203.11770 0.0000000
-211.02883 0.0000000
-136.02359 0.0000000
-197.11758 0.0000000
-220.78097 0.0000000
-243.30728 0.0000000
-255.80267 0.0000000
-281.06756 0.0000000
-203.07589 0.0000000
-202.07342 0.0000000
-384.24191 0.0000000
-202.74349 0.0000000
-283.00094 0.0000000
-366.34469 0.0000000
-287.43319 0.0000000
-230.65633 0.0000000
-246.14309 0.0000000
-170.58657 0.0000000
-321.98626 0.0000000
-263.45770 0.0000000
-283.64764 0.0000000
-228.66018 0.0000000
-207.34335 0.0000000
-243.96209 0.0000000
-205.46774 0.0000000
-293.14221 0.0000000
-181.38583 0.0000000
-214.60495 0.0000000
-269.01089 0.0000000
-248.00732 0.0000000
-265.30365 0.0000000
-247.14593 0.0000000
-152.22656 0.0000000
-195.17688 0.0000000
-230.00534 0.0000000
-233.83175 0.0000000
-386.34091 0.0000000
-52.018031 0.0000000
-283.85525 0.0000000
-296.57513 0.0000000
-150.58126 0.0000000
-282.61111 0.0000000
-151.81601 0.0000000
-165.88348 0.0000000
-264.83410 0.0000000
-298.29586 0.0000000
-245.54366 0.0000000
-213.50173 0.0000000
-228.00112 0.0000000
-273.48300 0.0000000
-204.61529 0.0000000
-258.06338 0.0000000
-217.13818 0.0000000
-90.051997 0.0000000
-312.40319 0.0000000
-261.51022 0.0000000
-199.60412 0.0000000
-251.44763 0.0000000
-240.48879 0.0000000
-223.02420 0.0000000
-350.39495 0.0000000
-318.36441 0.0000000
-310.79116 0.0000000
-292.45175 0.0000000
-341.10330 0.0000000
-302.76925 0.0000000
-199.47812 0.0000000
-309.06204 0.0000000
-291.29235 0.0000000
-301.65417 0.0000000
-220.77981 0.0000000
-212.09390 0.0000000
-241.69842 0.0000000
-80.885524 0.0000000
-247.81487 0.0000000
-150.99853 0.0000000
-265.28244 0.0000000
-221.90753 0.0000000
-280.80038 0.0000000
-244.26669 0.0000000
-146.12118 0.0000000
-217.80535 0.0000000
-59.597071 0.0000000
-173.42993 0.0000000
-295.55215 0.0000000
-196.89096 0.0000000
-160.41137 0.0000000
-158.81774 0.0000000
-276.28942 0.0000000
-392.44006 0.0000000
-295.11386 0.0000000
-259.34957 0.0000000
-298.69448 0.0000000
-277.44839 0.0000000
-103.58062 0.0000000
-216.52655 0.0000000
-234.34509 0.0000000
-197.79907 0.0000000
-271.55239 0.0000000
-216.85382 0.0000000
-284.66503 0.0000000
-332.87789 0.0000000
-299.07885 0.0000000
-195.01910 0.0000000
-314.92251 0.0000000
-223.75305 0.0000000
-227.67028 0.0000000
-350.89074 0.0000000
-187.60729 0.0000000
-128.76648 0.0000000
-292.11309 0.0000000
-308.02017 0.0000000
-189.93890 0.0000000
-268.93527 0.0000000
-184.89605 0.0000000
-261.49630 0.0000000
-189.91711 0.0000000
-216.18560 0.0000000
-252.83373 0.0000000
-261.92013 0.0000000
-300.83874 0.0000000
-216.61206 0.0000000
-307.15109 0.0000000
-113.05694 0.0000000
-285.88815 0.0000000
-218.14791 0.0000000
-138.50036 0.0000000
-308.30563 0.0000000
-375.76312 0.0000000
-286.74212 0.0000000
-215.23022 0.0000000
-304.15646 0.0000000
-244.18804 0.0000000
-234.91168 0.0000000
-329.35531 0.0000000
-283.26321 0.0000000
-276.19906 0.0000000
-300.96264 0.0000000
-321.58526 0.0000000
-269.98480 0.0000000
-88.987910 0.0000000
-253.36877 0.0000000
-203.60900 0.0000000
-285.11355 0.0000000
-209.62210 0.0000000
-265.46179 0.0000000
-335.86282 0.0000000
-263.53515 0.0000000
-267.79348 0.0000000
-155.67672 0.0000000
-206.16598 0.0000000
-218.28317 0.0000000
-364.81008 0.0000000
-282.44195 0.0000000
-211.73434 0.0000000
-337.13644 0.0000000
-323.27059 0.0000000
-165.76223 0.0000000
-261.01446 0.0000000
-221.30071 0.0000000
-279.08297 0.0000000
-263.77340 0.0000000
-247.19918 0.0000000
-226.91046 0.0000000
-246.52059 0.0000000
-216.06970 0.0000000
-151.94482 0.0000000
-144.92279 0.0000000
-256.21816 0.0000000
-231.36141 0.0000000
-44.835871 0.0000000
-206.33728 0.0000000
-236.98522 0.0000000
-100.39923 0.0000000
-322.85537 0.0000000
-258.69662 0.0000000
-258.27114 0.0000000
-310.81082 0.0000000
-232.95855 0.0000000
-204.24563 0.0000000
-250.00860 0.0000000
-112.55901 0.0000000
-220.08532 0.0000000
-216.90670 0.0000000
-203.75991 0.0000000
54.646886 0.0000000
-271.91018 0.0000000
-261.06768 0.0000000
-195.52536 0.0000000
-288.18966 0.0000000
-287.76022 0.0000000
-174.75735 0.0000000
-268.55630 0.0000000
-225.74078 0.0000000
-200.49481 0.0000000
-106.95248 0.0000000
-228.94088 0.0000000
-93.021265 0.0000000
-311.38964 0.0000000
-279.80465 0.0000000
-383.31555 0.0000000
-190.57540 0.0000000
-197.16601 0.0000000
-290.80920 0.0000000
-215.42559 0.0000000
-260.45925 0.0000000
-215.53494 0.0000000
-228.48242 0.0000000
-355.32549 0.0000000
-254.16717 0.0000000
-59.379145 0.0000000
-196.46118 0.0000000
-102.84832 0.0000000
-316.83401 0.0000000
-336.93121 0.0000000
-263.01901 0.0000000
-233.79736 0.0000000
-260.89193 0.0000000
-204.13592 0.0000000
-246.40792 0.0000000
-227.80615 0.0000000
-271.79531 0.0000000
-304.29348 0.0000000
-217.85086 0.0000000
-275.94885 0.0000000
-100.29385 0.0000000
-233.61834 0.0000000
-211.28311 0.0000000
-190.42364 0.0000000
-180.11813 0.0000000
-239.89532 0.0000000
-212.59619 0.0000000
-155.70068 0.0000000
-232.69656 0.0000000
-269.79956 0.0000000
-229.26022 0.0000000
-241.75094 0.0000000
-269.78649 0.0000000
-276.93240 0.0000000
-273.51699 0.0000000
-299.59243 0.0000000
-124.60937 0.0000000
-243.27996 0.0000000
-327.64773 0.0000000
-221.00900 0.0000000
-239.96502 0.0000000
-228.98632 0.0000000
-252.57690 0.0000000
-305.59988 0.0000000
-378.44711 0.0000000
-267.91235 0.0000000
-223.42440 0.0000000
-245.65875 0.0000000
-259.11343 0.0000000
-282.65512 0.0000000
-348.50445 0.0000000
-237.04193 0.0000000
-235.62707 0.0000000
-299.05001 0.0000000
-242.55542 0.0000000
-256.61364 0.0000000
-354.25833 0.0000000
-132.88473 0.0000000
-195.42199 0.0000000
-260.38839 0.0000000
-239.36401 0.0000000
-214.17175 0.0000000
-234.20831 0.0000000
-285.67349 0.0000000
-175.15484 0.0000000
-326.24252 0.0000000
-353.54931 0.0000000
-246.49557 0.0000000
-338.44592 0.0000000
-220.28515 0.0000000
-223.75500 0.0000000
-221.68121 0.0000000
-288.60687 0.0000000
-231.34484 0.0000000
-91.890895 0.0000000
-241.66397 0.0000000
-240.80908 0.0000000
-224.06130 0.0000000
-286.52685 0.0000000
-283.56365 0.0000000
-222.43899 0.0000000
-187.76483 0.0000000
-227.96932 0.0000000
-276.72668 0.0000000
-345.36538 0.0000000
-214.68905 0.0000000
-324.71951 0.0000000
-300.80194 0.0000000
-236.93954 0.0000000
-217.57861 0.0000000
-258.77194 0.0000000
-320.88336 0.0000000
-202.19775 0.0000000
-261.05429 0.0000000
-315.43154 0.0000000
-227.15063 0.0000000
-91.936916 0.0000000
-203.63104 0.0000000
-307.21398 0.0000000
-338.17800 0.0000000
-271.62103 0.0000000
-214.00173 0.0000000
-320.61871 0.0000000
-221.58380 0.0000000
-211.33898 0.0000000
-247.28781 0.0000000
-284.04238 0.0000000
-229.63137 0.0000000
-138.31655 0.0000000
-222.77337 0.0000000
-241.03924 0.0000000
-285.78845 0.0000000
-172.37826 0.0000000
-289.21252 0.0000000
-226.14187 0.0000000
-244.75656 0.0000000
-175.42483 0.0000000
-404.73702 0.0000000
-381.35333 0.0000000
-170.39022 0.0000000
-254.15435 0.0000000
-283.77532 0.0000000
-233.83816 0.0000000
-310.31765 0.0000000
-126.97305 0.0000000
-251.16140 0.0000000
-155.77130 0.0000000
-275.60299 0.0000000
-164.95141 0.0000000
-307.83367 0.0000000
-162.89880 0.0000000
-83.337609 0.0000000
-206.00573 0.0000000
-288.60528 0.0000000
-181.68231 0.0000000
-397.02233 0.0000000
-264.12045 0.0000000
-218.41641 0.0000000
-260.97540 0.0000000
-174.76428 0.0000000
-277.25851 0.0000000
-223.87490 0.0000000
-318.05215 0.0000000
-195.55389 0.0000000
-190.63864 0.0000000
84.116979 0.0000000
-137.05081 0.0000000
-302.24871 0.0000000
-244.30136 0.0000000
-253.73040 0.0000000
-217.07678 0.0000000
-205.28573 0.0000000
-331.52450 0.0000000
-398.35141 0.0000000
-343.58666 0.0000000
-111.80142 0.0000000
-269.91162 0.0000000
-285.02917 0.0000000
-313.11376 0.0000000
-308.90698 0.0000000
-145.88027 0.0000000
-267.99868 0.0000000
-306.24038 0.0000000
-252.51324 0.0000000
-79.543025 0.0000000
-107.57162 0.0000000
-241.65142 0.0000000
-227.63229 0.0000000
-287.31661 0.0000000
-299.77130 0.0000000
-191.62936 0.0000000
-204.97555 0.0000000
-355.38140 0.0000000
-283.46710 0.0000000
-224.30013 0.0000000
-383.37075 0.0000000
-247.92306 0.0000000
-377.31167 0.0000000
-342.34457 0.0000000
-283.08670 0.0000000
-242.81405 0.0000000
-271.62405 0.0000000
-204.49688 0.0000000
-288.54684 0.0000000
-227.27288 0.0000000
-149.18685 0.0000000
-92.577326 0.0000000
-253.15347 0.0000000
-316.91146 0.0000000
-276.11883 0.0000000
-267.35296 0.0000000
-97.098169 0.0000000
-75.878413 0.0000000
-219.94485 0.0000000
-300.08685 0.0000000
-290.76623 0.0000000
-260.86944 0.0000000
-226.28176 0.0000000
-334.76879 0.0000000
-254.10317 0.0000000
-179.41702 0.0000000
-221.67214 0.0000000
-295.99707 0.0000000
-340.22878 0.0000000
-311.25067 0.0000000
-272.90936 0.0000000
-267.80032 0.0000000
-312.79727 0.0000000
-231.62875 0.0000000
-279.68841 0.0000000
-167.90112 0.0000000
-358.58764 0.0000000
-230.99539 0.0000000
-248.93475 0.0000000
-234.52246 0.0000000
-167.86981 0.0000000
-368.23373 0.0000000
-201.10967 0.0000000
-264.14864 0.0000000
-244.49041 0.0000000
-278.72668 0.0000000
-268.96496 0.0000000
-277.24291 0.0000000
-334.38610 0.0000000
-272.54330 0.0000000
-337.89510 0.0000000
-317.58761 0.0000000
-228.01657 0.0000000
-309.40716 0.0000000
-235.29269 0.0000000
-297.20785 0.0000000
-208.83599 0.0000000
-190.63986 0.0000000
-270.81591 0.0000000
-223.16809 0.0000000
-270.97506 0.0000000
-261.48797 0.0000000
-145.96142 0.0000000
-308.49481 0.0000000
-173.46807 0.0000000
-209.43286 0.0000000
-200.63409 0.0000000
-275.25521 0.0000000
-255.22195 0.0000000
-182.44686 0.0000000
-186.45001 0.0000000
-214.90597 0.0000000
-265.12890 0.0000000
-379.12310 0.0000000
-272.87106 0.0000000
-229.29943 0.0000000
-246.08825 0.0000000
-196.12573 0.0000000
-344.35693 0.0000000
-226.82046 0.0000000
-314.46914 0.0000000
-251.23644 0.0000000
-143.03170 0.0000000
-253.24472 0.0000000
-115.27307 0.0000000
-262.61599 0.0000000
-333.06039 0.0000000
-222.27053 0.0000000
-315.25982 0.0000000
-257.28417 0.0000000
-11.602900 0.0000000
-179.79730 0.0000000
-298.74691 0.0000000
-218.64984 0.0000000
-208.12048 0.0000000
-271.36657 0.0000000
-310.33245 0.0000000
-314.96359 0.0000000
-257.59298 0.0000000
