-51.563299 857.69680
551.78905 820.55745
197.36167 859.61237
-43.766837 822.77601
-46.670675 817.37085
-49.974501 837.35197
628.30633 826.16740
-49.558754 867.56853
-44.650380 790.92344
-55.069084 852.35666
-31.762375 855.85899
-45.330249 805.18018
-51.615361 875.45443
-53.244723 821.25460
258.74148 861.42192
18.104506 825.17057
-39.859104 750.59939
-41.931868 783.22230
-50.015701 824.28233
-43.822218 807.77937
380.72890 818.41724
8.9457435 860.77054
-49.243585 848.13928
-46.006413 820.00383
-47.141392 854.21523
-54.564072 880.27040
63.858705 859.82531
133.47845 798.02693
-48.062161 831.82230
128.75617 868.75045
-45.454279 792.54819
-52.449389 847.59186
318.68323 827.98092
-49.953113 787.69456
22.276718 821.51197
-48.427377 835.89766
-57.601967 895.08702
-38.065837 915.03642
-55.591596 830.98091
-45.870549 803.41750
-51.453756 813.64939
-53.537704 795.75193
-54.426221 849.19236
-48.885940 845.75611
-46.698761 816.11132
-19.542903 847.30521
-44.274962 825.04348
-46.775180 845.03149
378.45165 846.87206
-47.891772 839.96836
-48.677064 805.29568
12.458525 895.22506
-49.772626 843.37147
-45.191231 811.73815
-46.430088 830.03930
-44.982035 821.09587
126.56898 879.41254
7.8268074 831.42229
-42.701174 783.48415
-55.185804 838.18983
238.57939 830.56700
-45.823008 844.70155
-41.892395 791.83141
-48.946531 814.04123
-51.091372 832.74599
298.24890 872.39821
-27.961504 793.77476
-53.385670 844.14881
-50.565396 806.23675
10.248789 823.44944
-50.303360 830.55442
-45.858574 839.16120
-54.264580 860.68039
-53.828027 801.16953
-47.488295 837.78520
-48.993503 857.66131
-47.564757 851.06787
-41.618350 793.26391
-45.173492 798.86544
-51.293734 813.42562
-51.492900 856.94917
-43.755478 800.92246
-44.296925 798.16919
-47.546987 802.27894
-39.480479 809.82289
-52.210036 803.84663
-48.688510 832.02541
-46.110435 812.43143
-47.187176 869.09099
-51.144179 847.18449
-54.572641 870.56829
-54.516129 818.83622
-46.982620 830.52607
-53.143284 809.80611
-54.371448 851.60310
-56.074174 853.00077
-47.340351 840.39115
-37.146935 813.04212
-53.342787 843.65480
-45.374105 825.87064
103.14531 852.36292
-46.519114 842.91051
-49.172913 841.63656
-47.822068 834.54872
-49.581468 810.93601
120.66377 769.28037
-45.494426 803.27855
-41.169099 782.87875
-50.798197 789.28856
26.700119 853.09944
-44.857697 794.80566
-51.629257 822.91664
11.713183 814.76216
-41.131914 843.13120
-40.570793 768.92508
4.2006581 855.30499
-44.925996 820.31301
278.46154 835.20125
-50.249334 802.51500
-46.141007 804.10203
-43.850018 814.73213
-48.980041 846.23110
-54.136451 860.53484
-51.083420 789.06791
-47.775387 822.51495
-52.293389 841.46561
403.53726 842.55279
-44.796624 815.45453
92.593701 879.47300
5.5669438 820.35722
-52.688669 823.59645
-58.748464 867.27399
-59.276745 882.51228
116.26046 817.68950
-50.339127 847.00059
-49.528060 852.56749
-51.815581 831.70828
-48.635119 867.36414
-50.116662 808.88117
1.9155739 849.75660
62.101937 860.27945
-44.433711 803.11459
-52.402476 840.22368
-47.581002 838.84786
-47.214644 814.97377
-46.383705 803.80705
-2.8811547 842.89029
-42.361462 783.29353
-52.508443 853.83372
-45.706097 793.09260
-11.392109 867.26948
-52.841792 831.25146
-57.904369 862.66652
-47.270417 845.75298
-52.710231 872.95364
-53.663967 851.79498
-55.412469 821.76172
-48.163649 853.63615
-51.134791 823.28012
-51.812569 882.86168
-48.556359 834.67322
-51.521859 849.60228
-53.759420 844.59586
-53.701900 867.29526
-45.898668 815.97813
-48.687402 798.69513
-55.374753 848.77536
-0.43526536 834.37775
-48.021027 817.22390
-45.130872 827.38170
-45.456302 783.55038
-46.249297 835.26776
-50.209089 864.76304
-48.922094 839.38143
-54.503237 863.43395
-2.5951057 849.81028
-49.121620 800.37798
-45.013385 809.47990
-47.468870 812.74054
-49.008010 825.67503
-48.018805 802.42653
26.999466 838.43037
-47.418505 830.19404
404.78797 880.11295
-54.482094 895.66072
-45.200125 819.02759
-49.373433 855.73170
1.2118944 872.70597
-45.889395 812.73847
-51.277516 868.13123
12.279735 851.71580
-47.819011 810.60060
-54.484281 835.51996
-50.097358 857.79232
-54.645938 888.21606
-53.896804 827.47844
43.003776 832.90212
-55.096325 865.53575
-53.203713 850.38634
-58.708580 884.15598
-48.851308 860.07300
68.365058 841.94229
-48.239934 830.04882
-51.624919 795.02031
-49.816022 823.64152
-50.378895 859.65638
-53.437284 823.44070
-42.869359 814.06749
-51.322625 849.13019
-47.085556 831.67445
-49.567263 845.69076
-49.593769 804.15742
-48.515543 842.17522
-51.509175 864.53028
-50.233925 812.45680
89.458209 867.17653
7.4994435 808.30532
-48.826986 813.70951
-51.789771 866.49379
-44.491326 801.46372
-54.642722 856.28916
-45.968475 831.94842
-54.810163 836.70692
-44.572983 794.25779
121.29873 836.02883
-50.050340 822.03794
11.576488 817.58369
-54.876766 840.11847
-47.943623 854.65738
-46.722736 824.73554
-49.570332 785.26853
-48.422851 811.21637
-42.643377 794.70610
-46.337240 846.62821
-47.227438 840.58774
-41.473863 798.14515
-45.892879 801.26321
-53.951481 839.03585
-48.335427 840.48897
-54.331470 824.12351
-48.033876 861.30895
-38.986662 819.64740
-55.284922 825.67183
-47.341730 808.62555
-53.219164 820.42542
-51.060768 803.08580
-57.422652 840.87901
-56.462665 881.10749
-50.555880 840.74056
-24.114574 836.09572
-45.968970 826.94970
-49.252073 799.05301
-43.145576 777.08751
-52.185745 827.39598
-44.413020 823.00616
-45.018770 839.54803
-51.791785 851.33336
-41.775796 833.47808
-38.242377 741.04619
-56.767345 822.05519
-48.599724 822.84384
-51.625253 815.86504
-48.385969 866.74019
-45.991148 822.17715
-46.277991 841.18309
-47.925930 859.87118
-45.033250 789.52503
-54.237716 886.21037
-54.668778 861.95872
-47.915050 829.45567
-51.648223 844.15225
-46.006317 835.77157
-45.588027 869.49156
38.960399 839.34058
-49.273797 843.29321
-48.064622 810.04926
36.694053 820.13472
-47.890085 802.36211
-48.513031 862.65869
95.595522 809.88498
-45.461248 842.66686
-49.819649 834.75862
-50.640196 828.72488
-52.743466 825.34323
-54.147110 857.75440
-47.399881 856.65245
-52.172840 822.67225
-16.409106 836.48319
-45.929964 818.42617
320.43500 884.76702
-51.742519 856.46423
160.35392 856.48074
-57.488748 857.01015
-43.976753 813.35936
-46.342403 803.07150
47.551364 836.07416
-44.950933 796.88076
-41.382938 789.91796
248.62353 868.48619
-51.173382 821.05772
-5.1678090 857.89694
-52.013150 811.59418
-7.8913371 817.43022
-43.756297 799.69994
859.18279 846.20436
-47.599646 827.56392
-43.967578 812.19599
43.482408 869.00175
-50.739653 859.72229
-51.902240 870.12763
-39.379989 837.15595
-49.617124 819.39010
-44.923404 809.50594
-46.830496 808.01169
-43.057934 766.85930
-49.602970 845.91927
-49.415297 824.44093
-51.883680 827.59666
-55.571276 832.42191
-50.335470 845.82770
109.08471 894.95571
-55.985622 836.10348
-44.759265 809.27247
-52.759344 826.41140
-53.517517 825.53469
-47.017311 838.68584
88.026749 808.49748
-47.034155 807.53853
-48.473331 849.89858
-39.221321 843.96071
-54.046650 864.56031
-55.209450 858.13088
-52.188237 826.07348
-51.720646 810.24566
-49.366414 796.66059
-52.912251 831.77002
-56.191305 881.24988
-50.894286 888.58578
-52.121610 842.60501
-45.327832 826.81987
-47.215135 845.70933
-46.104714 836.40508
-56.562533 827.54833
-47.001510 789.80345
-49.192417 859.95449
-57.966780 906.44651
211.72642 857.20416
153.24817 859.15960
-59.221774 869.12154
-49.213181 805.27412
-47.462663 826.11933
-53.527858 849.16412
-46.523523 822.37994
-44.931032 822.79260
-52.871469 846.84557
-51.240935 850.63794
324.37242 900.58771
6.1010084 820.32094
-55.490407 816.86384
-51.836900 834.37513
141.41906 871.24153
-48.846865 832.93508
-53.970534 818.54637
-46.800964 829.23931
-51.768093 836.10324
-52.743501 796.78549
24.442443 861.96993
-50.890204 877.11501
-50.568642 845.23390
-51.188546 806.80763
-52.938098 857.97614
-51.304558 805.77667
-43.217962 790.64718
-50.691971 819.94877
-45.807336 841.90454
-44.322413 825.58096
1.6463365 832.44620
-50.735098 825.35688
114.37796 877.00497
-50.672744 882.92100
-44.101434 782.93579
-41.264685 770.64296
-47.951537 851.76361
-41.980263 760.75969
-47.360568 797.11599
-54.445820 839.16965
-56.442766 861.22126
-47.212209 801.02192
-50.688203 828.62374
-33.843575 845.04497
-46.240492 829.28474
-45.890098 829.79068
35.759999 838.57478
-45.901464 787.78823
-49.605218 826.46835
-53.350282 847.84075
-13.332225 870.42369
-47.221703 820.78302
-61.899646 932.18424
-57.720683 868.06892
-44.657074 802.00292
-18.429894 867.53037
-55.404517 864.26314
-56.908844 863.68838
-40.575546 805.94963
85.742261 786.50199
8.7081209 841.19081
571.52980 819.84852
-46.592385 817.88170
-50.297425 852.43414
-56.056069 829.57894
-52.372261 823.04613
-49.653261 864.56499
-54.978173 856.03995
-51.404277 900.46388
-45.963783 832.92012
-43.629379 782.95753
-46.360111 788.71960
-51.347668 819.23579
-52.895742 827.04001
-45.389569 810.57905
-47.608425 831.04517
-44.779459 815.27022
-44.623599 805.65093
-58.275813 859.65503
-29.874640 833.99968
-45.445195 822.94076
-52.881238 810.91313
-45.628389 808.29043
-16.231507 787.18386
-58.053382 845.21111
-54.023296 831.33745
-0.66650987 833.53841
-47.785105 845.98726
-43.358514 783.65842
-46.731922 796.39106
-48.559234 840.33273
-55.119537 843.73629
-45.704647 844.03912
-55.225058 875.33911
-51.270453 828.76207
-46.245846 837.88901
-41.414872 759.54878
-46.425770 767.75620
-50.465756 831.10385
-45.381264 804.57216
-54.102193 871.40720
-50.219645 860.06630
-51.345713 812.83760
-45.341377 836.70153
-41.567894 743.67835
-55.066621 827.09518
-48.734034 820.23483
-44.462322 810.72414
-30.366178 816.10681
124.18637 802.76208
-46.554093 885.48753
190.75367 865.64933
-27.172735 829.47265
-42.050310 795.20747
-47.127702 832.91035
-42.256805 774.28503
-50.439867 851.19834
-48.204774 807.36859
-51.504954 828.72368
280.16069 854.77287
-30.419747 832.65898
-47.357427 822.31557
-47.705564 829.65179
-59.543616 881.60353
-44.296755 794.90466
-52.640839 822.56652
96.331602 792.86483
-42.594560 794.31434
-52.372424 812.65269
-52.321173 842.42131
-51.858495 819.61645
-45.510217 815.84253
217.26569 862.14151
-53.272817 839.37101
-47.187147 812.46559
-54.177961 824.38212
-43.991425 793.31008
-42.687202 773.96950
-47.201846 815.82049
-47.943606 839.31466
-45.715437 803.94465
-50.099976 865.92873
-48.919375 821.83453
188.87229 867.76669
-28.962875 865.37654
-50.512356 780.80984
-43.686853 816.25577
-52.110151 814.41063
-50.253583 834.32634
-45.541637 807.92866
-49.262526 819.53971
-53.696027 837.34205
-47.159153 814.36498
-46.828437 820.03096
-40.688375 828.03779
