-57.306221 829.28789
-52.427761 813.08600
-41.307874 821.48341
-58.916685 836.97326
-60.715855 807.93252
-65.139158 841.66476
-65.042258 855.09192
-57.135945 833.26478
-56.348970 835.14327
-56.684165 832.15402
-57.628833 778.71693
-62.844092 835.93020
-55.080535 824.33288
-56.633523 829.71788
-53.300806 828.01053
-54.952339 859.80565
-61.278652 862.12979
-57.274607 851.85133
-60.549780 869.85689
-53.525667 771.73193
-49.657087 795.43272
-50.976511 794.17836
-54.101316 807.41659
-53.785112 816.10130
167.54042 831.56663
-53.046575 803.16109
-57.529805 852.43259
-61.494446 818.79476
-53.665320 814.09063
-57.436953 808.02691
-51.925972 792.04125
-54.905359 818.36377
-60.112065 830.57000
-52.466643 754.64593
-49.858482 760.12326
184.38634 843.49268
-62.870913 852.17004
28.666179 838.07306
-54.728103 789.24256
-51.808870 818.24560
-52.480625 808.46200
-47.167830 742.28526
-49.872957 782.40154
-52.519111 817.44048
-54.947788 829.35757
-50.075635 771.02971
-50.555806 802.71744
-48.740205 778.96621
-48.785679 778.91787
-1.1143262 813.64092
-59.830671 803.81639
-55.871917 824.37469
-54.241021 828.25440
-51.021831 822.29036
-53.026643 824.57348
-17.398989 820.26562
-55.093626 794.71682
-63.969439 846.92710
-57.896409 819.70762
-53.510610 778.34052
-57.508836 811.14677
-57.684331 822.61809
105.75580 898.94693
-35.295308 870.09916
-60.832776 845.18678
-51.374729 823.00713
-52.671135 817.73685
229.83984 830.16384
-7.9494434 865.91298
48.485571 935.69254
-54.273313 823.74099
-58.114829 805.09250
-59.983550 843.44705
-57.261382 841.58377
-50.913970 816.50210
125.90037 854.79929
-49.364212 803.43794
-46.487036 761.51741
-45.138692 771.03464
-57.948274 806.10827
-55.863074 857.62481
-61.367351 804.20622
1547.3609 848.93678
565.48553 831.23901
-51.583941 769.34666
9.9564916 849.48838
-59.015166 822.98349
-58.127402 872.25370
-50.889668 805.67185
-56.660466 803.33877
-55.983960 865.76524
-53.503284 844.37345
-52.907827 805.78034
-15.684607 825.86101
-62.636983 847.36045
-12.158945 844.64427
-52.834485 832.25868
-56.161362 812.82832
329.45288 818.48461
-55.350808 844.76207
-55.861887 826.55061
-54.857698 804.76098
-39.890701 786.75160
-64.472659 866.25637
-54.618550 817.77152
381.88953 847.64969
181.29254 866.48562
-55.945269 802.93968
-53.427922 821.49581
-42.746211 875.44250
-8.4665430 848.20850
-53.137083 832.63382
-52.773362 795.53892
-48.150266 779.63064
-59.335862 802.68247
-59.918779 861.80546
-49.763980 789.49523
-56.774641 791.07829
-52.889993 795.75786
-57.012200 842.06314
-56.252878 778.58876
88.032659 818.02505
-55.717471 800.07732
-55.727005 829.58540
-63.087920 832.12094
-59.937534 855.06240
-51.873938 796.88231
38.170657 800.86484
-55.087044 833.59279
-45.458472 797.02144
838.31700 861.33134
-62.927954 906.32698
-53.826611 846.99919
-55.115488 802.17845
-45.430422 754.82925
-48.849121 789.89965
-56.860171 795.06994
-50.174302 799.80769
-51.757581 806.85768
-50.517952 801.57704
-53.117039 810.69530
-47.105430 752.38578
-53.834002 817.37690
-55.523425 832.54722
-50.535835 810.32909
-57.352730 862.42552
-52.664929 794.91206
-54.192544 783.34706
-54.395913 826.44216
-47.530977 776.03372
-50.888889 786.87432
-53.864131 821.30640
-55.150359 847.39172
73.089934 795.58441
-51.717842 792.10918
-49.799182 794.85490
-51.112732 820.35330
-56.782249 817.92603
-52.041536 814.23620
-50.737236 805.82269
-48.869368 759.03434
-52.118501 809.78072
-61.866865 854.32490
-55.054229 826.66146
-53.389170 808.40440
-56.307781 803.75261
-54.545745 804.24603
-56.902871 817.95284
-54.641104 775.08338
-56.242041 799.39528
-50.201751 816.59625
-61.204932 848.71437
-53.486731 837.50121
-57.445872 813.78181
-48.285020 780.47450
-63.001404 855.89651
-62.288743 833.25828
-60.182837 831.07723
-54.566990 827.31164
-54.363653 828.11046
-46.564119 745.70904
-59.952559 813.29841
19.946780 842.37326
-62.258804 832.85832
-57.615491 803.75905
-24.307027 821.63846
-48.315344 757.84179
-52.091675 791.16314
-53.721179 805.61460
102.63605 844.99719
-60.292014 845.50269
73.492585 836.23077
-53.337495 833.04403
-54.401792 821.53393
-50.803318 793.43322
-52.403897 820.30643
-62.031624 829.21450
-56.378274 817.69487
-53.577979 788.89968
-56.640694 816.28228
-60.213460 829.14936
-60.355203 821.83776
-60.153496 846.13825
-48.407964 760.53411
-61.635645 854.61289
-50.879480 820.40405
511.57188 854.15135
-50.117427 818.14484
-54.065012 776.56306
-57.872676 851.96789
-36.424556 862.67706
-51.484602 803.93693
-53.013699 824.38385
-61.652969 822.77525
-59.570044 832.07259
-72.976445 920.22790
-64.858704 857.57943
-52.212149 811.29883
-54.100881 811.06858
-51.630972 826.99274
-51.688801 813.80988
-65.891301 856.00948
-66.036753 867.04741
671.28331 784.21998
666.97752 860.16288
-50.505264 810.79905
-52.589702 785.28059
-62.691306 822.38166
-57.019927 800.28213
-51.680405 796.07612
-49.505337 802.52597
146.60927 898.22975
-50.952537 813.52985
-54.711961 814.16581
-59.480020 800.57979
-51.333984 782.93359
52.101023 829.63633
-49.862158 795.78078
-58.771524 806.11470
-54.402139 810.35311
-58.545134 787.01196
-55.806895 826.86327
-52.361809 808.86466
-63.990715 840.36783
-53.318782 785.42599
-53.417322 795.80652
-59.935518 854.84805
-45.225652 757.49733
-58.041550 825.87650
-54.496460 851.75103
-49.457434 787.28832
-54.450525 842.53479
305.15542 894.10747
-54.365215 808.33205
-57.648760 855.28519
-56.267671 769.41268
-45.136438 837.49652
-51.817576 803.40358
-58.105960 796.02737
-58.658542 820.76610
-51.978123 780.22668
-57.258850 874.34616
-54.558184 759.39811
-58.759404 783.26562
-56.767754 788.36237
-56.447966 797.88208
-53.046152 785.03148
-44.048386 744.27616
293.56059 842.77122
-54.140510 821.47426
7.6841967 837.26894
215.52759 822.94421
-60.404351 805.74695
-53.982407 825.44123
-52.826758 828.92495
-61.725520 829.55588
-48.110864 790.11966
236.12810 870.66630
-50.563662 791.45403
-49.484937 787.73961
-55.910212 835.01309
-57.988391 817.06083
-54.071345 848.82535
-55.071023 820.62120
-54.000911 818.18014
-60.206924 834.27635
-63.774944 853.33690
52.495159 828.48560
58.233188 871.03976
-60.865781 817.43597
-60.273975 838.03010
-57.447898 856.68061
-61.203464 811.77099
-49.515735 763.24882
-57.018689 843.49006
-63.510801 816.62616
-55.253501 829.49265
-54.165657 805.68605
-51.575708 800.22293
-64.036758 841.52598
-55.995191 857.35069
-46.024104 746.44467
-57.824788 844.46918
-53.884031 819.73324
-65.719163 909.84727
-39.250872 810.19825
-66.598242 857.64687
-55.781377 850.69091
-50.683984 779.70322
-52.901348 794.90675
-49.397305 794.34268
-57.017876 818.53028
-53.033972 818.13408
-52.486648 830.93800
-55.844055 802.26181
-48.579880 781.46281
-51.612639 815.88031
-55.761746 862.12970
-59.161118 834.05598
-51.056980 807.55053
38.633142 879.47667
-49.821397 785.39381
-47.652920 792.58524
-54.902686 821.71755
-52.507932 800.92105
-55.977561 823.23511
-55.437629 851.24953
-56.613789 852.31833
-54.203645 827.69982
453.69771 821.76198
-54.588860 751.98306
-49.024422 802.76815
-52.670322 804.29195
-50.111345 801.49409
-51.383499 821.15461
-50.371941 794.93723
-58.036160 816.44293
-53.342022 791.37343
-52.715588 799.92311
308.84429 801.51689
-54.074443 798.44472
-53.327224 828.38026
-50.401680 790.97405
-53.279241 825.05965
-53.383787 825.60055
-17.006521 827.11747
-44.130923 738.64770
-52.818745 816.07987
-55.252173 834.39168
-51.969780 796.21130
-48.537683 788.81836
-56.136875 855.33700
-56.748889 845.92887
-51.983723 827.83576
-49.677222 799.94576
-60.005774 843.52269
-51.218330 817.72905
-59.211360 800.74875
-50.521253 786.28737
-52.544749 802.82515
-55.067090 812.51957
-51.890928 801.56598
-55.918386 816.05338
-50.578118 781.65958
-60.248713 820.07016
-58.458818 845.64408
-55.066023 810.76561
-54.035855 819.81198
-63.987481 838.30719
-54.873091 801.69630
-62.001069 852.59945
-52.909932 821.28550
1331.2037 832.65179
-55.178208 829.66413
-57.145906 841.85784
-55.169954 864.18859
-57.041653 801.52930
-52.384546 788.65689
-55.217227 860.04424
-57.870591 837.09968
-51.919920 799.83810
-47.937175 784.85002
-47.843233 796.31582
-57.311336 811.76468
-51.712363 829.72782
113.13103 866.84761
-47.712036 825.79290
412.14239 847.58083
-66.389763 860.60263
-50.111089 799.86614
-47.179217 861.80805
-50.373860 802.56403
-53.936130 834.20226
-58.899133 844.63104
-60.172102 837.24870
-61.505376 815.45147
-41.381802 826.25229
-53.964490 811.22371
-59.737901 852.11524
-56.291072 856.35269
24.911206 849.59437
-50.355403 793.56100
34.999944 852.89200
-50.259219 789.41582
-52.793652 825.47099
-55.612813 836.86521
-56.916326 852.30117
-48.276257 771.10103
-54.331983 846.88713
-28.481887 772.11445
-57.094758 781.33117
-59.054856 784.72019
-53.965408 785.58339
-50.010613 792.14865
-58.028713 844.41467
-56.259502 838.66884
-55.996922 835.14599
-53.180608 832.38778
-62.561086 843.46347
-63.230635 879.95820
-57.670169 838.17495
-51.044031 810.94922
-53.100405 851.01379
-50.328821 777.90424
1069.5477 858.34452
-47.600503 768.97121
-55.586812 834.91801
-63.042092 842.03777
-60.022720 861.61698
-57.349553 825.35116
-56.315989 814.91023
-57.729033 891.69174
-51.722571 811.42113
-58.435159 847.57146
-55.510532 799.02175
-54.593057 810.51448
-54.306724 839.93137
-57.126196 807.61092
469.29726 839.98897
-63.291030 849.04582
-55.393416 819.31773
-58.062896 786.13443
48.610889 821.76408
-53.454229 773.18334
-53.808252 787.72165
-51.076651 804.51893
828.58004 793.88076
-49.277769 798.81469
-56.788047 806.40726
-51.557214 862.52637
343.70425 829.25625
-51.737097 795.39922
-55.078091 834.88046
175.12608 814.91657
-57.738701 840.27216
-47.265711 777.08447
-54.835471 830.43579
-53.246340 831.35805
-62.307764 839.48654
-59.044512 851.65836
-52.740691 824.41735
-64.118230 843.01638
-48.247402 782.29312
-55.423298 802.01343
-51.503418 786.25048
-62.624736 796.88710
-52.508208 794.32876
13.820361 838.59733
-56.377832 799.97812
-49.435332 791.02121
-49.625838 788.78209
-53.571692 838.32665
-62.488850 813.20673
-56.221397 814.18741
-57.602053 852.70901
-53.134324 810.04984
-59.788579 820.54888
-56.292793 829.15251
-60.732739 863.58250
-46.267319 747.73091
-57.433799 832.15714
-54.858508 799.51810
-59.325386 794.20531
-55.528176 830.11870
-61.454834 880.06042
-53.489976 856.18989
-5.3972511 807.33718
-49.708428 785.05683
-59.533176 823.12688
-46.573416 800.64750
-54.007505 774.03015
-53.408609 795.84377
-59.728731 804.09255
-61.242688 822.30800
231.75496 850.90144
112.28009 846.12881
