-57.347239 812.48689
356.66702 869.04284
-59.369780 806.85885
-60.974164 807.23314
-59.912396 821.58247
-63.074104 807.68337
-59.629688 808.41932
-62.362842 802.17344
-74.704443 879.07866
-58.822947 823.45866
-68.399431 779.31040
-63.534359 817.94125
-60.218082 853.06951
-60.003336 798.37431
-4.1503285 759.84189
-56.785611 796.86258
-64.285317 750.71163
-66.625014 866.31651
-63.045161 834.80136
-52.493974 747.84278
-60.566626 807.08999
-61.881144 798.48506
-59.165840 770.51326
-73.680255 853.20579
-57.925549 794.86018
-59.913008 805.57539
13.377824 854.27064
-59.858751 820.58735
-53.232118 758.93292
-64.635263 804.23927
-64.075782 829.58434
-68.348484 817.29354
-63.016431 827.36537
-65.094609 792.39284
-54.505391 765.12488
-58.752193 801.00311
-62.983389 803.39646
-71.192208 850.76357
-68.830644 857.39427
-7.5106869 835.94609
-54.365975 754.01659
-59.726193 795.88589
-63.074296 853.09937
-58.076911 800.85872
-66.799279 855.07990
-56.684741 779.71018
-70.063693 852.32577
-59.143239 807.17835
-72.096574 831.54316
-59.347088 803.08455
-61.004461 766.38051
-57.153622 784.21066
-54.497459 790.49976
-55.167038 768.69612
-60.648076 809.32842
-62.881386 767.10597
-63.105786 790.47813
-70.335926 837.67426
-54.023695 756.01808
-45.172481 858.94513
-68.285483 838.51514
-56.568152 783.44207
193.86635 830.30369
-52.383245 748.68966
-72.374481 816.76763
-65.790218 787.18677
-57.206097 800.90013
-64.266311 820.56297
-56.648749 788.63619
-54.276109 761.22700
-66.345174 832.98194
-63.793656 837.73811
-69.020128 825.56092
-55.653466 745.49817
1580.3593 831.58933
-56.529442 788.11731
-67.889255 806.99902
103.52233 831.25020
11.389600 792.49546
-61.009149 810.12146
-66.005008 786.86382
-60.660113 819.97141
-56.196666 797.36998
-56.868203 787.11702
-53.375215 761.75872
-66.293594 854.29811
-63.842073 788.47888
-56.395299 790.87353
-54.188553 762.49964
-61.474143 782.96302
-68.556841 815.40400
56.493153 815.92290
-57.815766 833.93090
33.398996 865.06351
-60.472939 831.74471
-51.391534 750.01618
-64.051576 832.78832
-68.133605 832.74148
-58.598805 808.52894
-59.115535 810.88711
-70.490382 846.43347
-64.308201 860.88726
-66.411379 830.98281
-63.636606 847.73485
-55.288792 780.78197
-57.848504 790.23862
-57.304433 785.32013
-59.952577 806.55917
-56.755682 787.97701
-68.642350 849.29450
-58.518886 810.99750
-67.105556 811.66580
-62.540057 831.39283
-49.997249 856.57788
-59.958434 805.21862
-61.342251 836.09732
-61.405772 816.82860
-60.530300 766.40753
-72.319122 845.57858
-70.937530 831.33544
-62.102266 762.76754
-56.750396 759.59161
-62.318904 852.82605
-51.629601 755.13727
-66.849281 817.16268
-58.043242 781.04864
-59.568610 802.00466
-68.768180 798.80411
673.44369 823.78854
-64.807348 846.61800
470.86350 867.79255
-64.035858 785.47631
-74.499672 839.17226
-64.094016 829.77765
-67.202326 856.74014
-57.542473 774.20447
-70.865498 834.66981
-64.474226 849.30452
-64.298544 808.44349
-60.488147 812.66749
-64.508977 812.33275
-70.676722 821.36447
-65.453875 834.70921
-64.610158 806.45066
-68.790475 806.14705
-71.683357 855.97741
-53.157664 768.70341
-58.503311 787.26808
-55.604675 769.22967
-61.685709 786.42851
-64.165967 816.57399
-66.967770 802.24585
-57.562071 791.37393
-30.505690 845.98555
-71.896036 849.99117
-67.894207 815.31322
-61.094201 783.00357
-63.352096 788.85255
-61.048092 800.32428
-62.826990 816.12879
-63.522168 830.34373
-58.367536 820.06343
-68.251672 827.07611
-54.629041 751.53837
-65.687052 799.98650
-56.087659 803.29728
-63.939711 840.11992
-59.549846 823.23689
-58.787707 787.73975
-63.554122 827.33796
-64.900102 759.21693
-59.520436 812.60947
-57.220666 813.14371
-38.416214 794.06712
-60.019851 828.28547
-60.441707 818.80356
-61.830803 808.82797
-64.891603 771.28393
-67.986441 820.18952
-56.555319 769.32224
-66.482747 851.52283
-60.653648 767.56461
-68.276442 813.06691
-60.189070 833.46324
-65.356358 842.55306
-57.733600 782.92539
-61.366134 796.50499
-64.738309 810.64523
-59.542099 799.53004
-58.172166 811.61073
-56.668430 771.03631
-61.812276 800.05439
-70.192961 829.59820
-53.282131 777.13766
-62.317292 807.97457
-50.647340 740.79601
-60.293899 788.03221
-58.445622 805.45559
-62.780078 807.68900
-66.094314 825.65904
-61.312716 806.38454
-63.091792 823.23477
-63.857363 838.45089
-56.402976 777.01029
-58.762387 765.09222
-69.099605 834.51584
-72.515527 820.54834
-62.674053 841.55095
-56.399493 768.06925
-64.299338 791.37436
-61.234735 786.47040
-56.454603 775.73652
-63.635491 800.82755
-55.288270 768.32870
-63.646292 826.53428
-68.064870 840.75577
-55.189598 768.32654
-67.953997 848.80375
-62.688908 767.37758
-57.856102 796.84433
-64.183525 807.38669
-56.895282 793.90037
-55.085528 769.39909
-60.723441 794.63153
-57.633907 796.75449
-61.375783 841.22874
-50.436960 748.56044
-65.420118 848.41411
-59.026243 802.85653
-70.070911 827.09092
-41.200848 799.80720
-60.020318 756.95502
-66.064563 817.33918
-62.874564 829.24796
-69.195603 832.07600
-62.131042 810.54782
-58.620904 806.82660
-62.784510 825.06748
-62.671931 828.63678
-64.035982 822.19765
12.432001 863.52770
-49.835655 828.36060
-57.534859 783.10668
-62.382752 818.66482
-56.145814 768.29412
-60.625921 843.66283
-59.166532 820.35422
6.7604842 794.84330
-62.091761 810.08102
-56.499468 797.41453
-70.021919 830.00069
-65.300777 834.13690
-52.596343 754.82861
-57.805102 799.55042
-65.977837 862.17420
-61.695680 857.84194
-56.863680 784.73782
-63.412914 818.91939
-54.952000 763.03725
-61.990256 780.82556
-60.571404 791.25226
-61.287444 821.16564
-69.204218 794.25314
-58.054012 804.32873
-62.498757 780.52727
-63.987275 833.33660
-53.856391 754.74327
-58.696173 787.90270
-65.813281 847.51908
-57.771790 773.75472
-61.271616 783.13185
-71.490411 840.92557
-64.747302 822.09409
-66.073544 814.91940
-56.590664 759.97977
-62.710617 838.37861
-66.187442 855.40655
-55.735511 769.34868
-69.612912 825.93893
-65.165825 774.95349
-65.974581 833.90673
-60.348498 813.82807
-59.278456 798.23481
-56.367816 778.49283
-61.275680 806.34962
-57.271089 773.72350
-67.974428 799.09887
-62.840035 802.86598
-60.975620 795.73348
-56.250511 785.09131
-56.023550 796.69489
-57.698470 792.42509
-71.263988 804.16618
-62.336896 768.67390
-64.741291 822.90086
-59.331594 809.82551
372.49610 798.83616
-63.921003 854.70018
-60.124442 795.25568
-66.289656 828.55915
1599.6551 814.68209
-68.514139 800.49687
-64.350728 832.48154
-55.124543 763.62264
-8.6836659 836.06514
-62.453666 820.38675
-62.021690 805.89331
-64.898770 839.02328
-68.668407 819.45271
-55.266410 783.65796
-59.647714 826.66658
-60.399281 787.45621
-52.421071 751.68278
-69.179024 825.74910
-61.715467 813.04649
-67.635987 787.03390
-67.497932 850.01366
-63.018521 773.39526
-58.933585 816.42362
-69.836274 818.51003
-53.481164 822.05673
-58.394436 787.06616
-56.786591 792.26965
-59.717470 793.92767
340.42173 855.46219
-58.665714 775.75149
-55.210786 773.21490
-58.133334 786.86211
-62.413581 802.24376
-61.590884 837.71200
-54.022881 759.01560
-59.734477 778.95778
-56.010645 746.44144
-61.169023 803.43238
-63.989093 812.11661
-60.569097 837.15447
-62.275955 777.51817
-53.410260 758.79731
-62.798103 793.94084
-54.909174 767.40781
804.14080 797.29696
-61.385183 855.30369
-72.330813 830.71499
-59.320155 784.56903
24.756396 881.76710
-48.994390 724.06368
-63.330815 794.46544
-63.571291 829.44839
-63.665608 807.54764
-54.037299 769.14244
-54.733145 773.07102
-59.269668 814.72877
-58.786940 797.27565
-69.368750 825.87337
-21.888336 870.66540
-44.483099 819.63842
-72.402865 831.51217
-64.093682 804.97412
-70.542200 861.05835
-57.729243 797.16812
-54.774624 789.27188
-61.004201 805.30176
-64.066055 838.57673
71.699088 846.65593
-59.490019 817.52426
-60.605871 795.14791
411.73978 796.79705
-68.328388 849.29789
-53.567694 732.26113
-63.284041 825.61140
-61.627390 818.10832
-64.706084 772.96591
-61.601690 774.75884
-61.410054 831.58552
-61.879020 800.19330
-66.414833 821.78731
-56.127079 803.77169
-58.329758 804.28318
-64.934349 857.80469
-58.632837 805.54556
-64.344170 850.89526
-50.577684 736.63670
-62.247869 783.40832
-55.246609 760.00769
140.16652 818.31010
-69.636748 819.05307
-67.247735 812.71784
-61.255555 806.40093
-56.594265 782.22076
-74.548871 871.94676
-57.130118 787.75391
-56.776134 797.40382
-61.304151 808.55107
1480.3563 842.35205
-59.096476 798.28981
-60.799420 810.02507
-62.795476 825.70464
-55.986251 771.63313
-62.034116 823.35031
-62.060703 825.39330
404.49453 818.25054
-65.044399 818.58902
-68.068299 841.30377
-60.376749 835.65059
-57.245253 784.04243
-56.552449 755.29804
-37.377676 805.38739
-33.943121 826.10177
-59.787590 773.90592
-60.700490 803.44928
-57.071842 821.16839
-61.111993 807.70975
-65.289342 862.00799
-65.664463 778.93334
-60.920529 778.76483
-57.307130 767.24825
-53.500604 749.94669
189.56379 878.14877
-70.323661 833.07602
-63.430755 788.84487
-59.633493 803.64464
-58.835641 804.80306
-62.753308 806.68309
-58.859537 828.21446
668.75783 833.32280
-69.511206 832.53899
40.743485 813.70710
-59.011171 812.06899
-57.706414 785.30155
-57.459369 789.55243
-67.636394 801.57588
-63.066579 841.17673
-69.887404 836.22737
744.22843 839.52612
-61.574376 790.99810
-70.309808 828.09616
-54.910017 759.77855
-59.894210 802.95762
404.85845 846.53548
-60.491657 812.06605
-66.234793 801.31671
-44.625870 841.55433
-61.974615 843.38549
-58.394427 779.43320
-60.736552 821.86827
-57.189706 774.29399
-62.077874 840.35541
-76.495380 877.54401
-53.648935 750.86699
-67.105825 827.63089
-58.157820 781.04307
-63.952663 811.41635
-62.566286 777.68310
-62.987890 811.69848
-66.852358 794.64721
-55.381677 751.47000
-71.428404 862.60962
-59.368638 808.08146
-57.716280 809.57961
-57.301803 797.93965
-56.346369 795.25555
-60.133853 777.33141
-64.269511 807.76396
-61.519321 806.95397
-60.446639 834.48399
-68.124621 813.70313
-56.057032 765.07086
-59.096629 818.89305
-57.262595 788.95624
-58.076412 791.85721
-54.942176 771.65346
-54.319471 749.08378
-67.662796 822.35624
-66.311832 874.82708
-55.825794 752.47788
-66.949054 806.04343
-60.820025 817.08842
-58.410388 799.96351
-55.297926 774.69868
-51.440603 729.12668
-54.990598 769.82150
-64.223466 838.86082
-73.017469 849.48320
